# Temperatura_=_20.0
# Concentracion g/m^3_=_18000.0
# C_Vs_to_Am_M_A/Vsm_=_116720831517.84952
# pendiente_HvsI_1/m_=_3716.3
# ordenada_HvsI_A/m_=_1297.0
# frecuencia_Hz_=_108164.13360567538
# Promedio de 22 ciclos

Tiempo_(s)	Campo_(V.s)	Magnetizacion_(V.s)	Campo_(kA/m)	Magnetizacion_(A/m)
0.000000e+00	-7.023721e-09	-1.768867e-08	-5.698248e+01	-2.056338e+03
1.000000e-08	-7.023915e-09	-1.769242e-08	-5.698405e+01	-2.056456e+03
2.000000e-08	-7.023941e-09	-1.769035e-08	-5.698426e+01	-2.056542e+03
3.000000e-08	-7.023745e-09	-1.768931e-08	-5.698267e+01	-2.056593e+03
4.000000e-08	-7.023275e-09	-1.769091e-08	-5.697886e+01	-2.056608e+03
5.000000e-08	-7.022452e-09	-1.769074e-08	-5.697219e+01	-2.056584e+03
6.000000e-08	-7.021196e-09	-1.769216e-08	-5.696199e+01	-2.056518e+03
7.000000e-08	-7.019461e-09	-1.768960e-08	-5.694792e+01	-2.056408e+03
8.000000e-08	-7.017197e-09	-1.768027e-08	-5.692955e+01	-2.056253e+03
9.000000e-08	-7.014408e-09	-1.767727e-08	-5.690693e+01	-2.056050e+03
1.000000e-07	-7.011147e-09	-1.771227e-08	-5.688047e+01	-2.055798e+03
1.100000e-07	-7.007539e-09	-1.774020e-08	-5.685120e+01	-2.055495e+03
1.200000e-07	-7.003709e-09	-1.768237e-08	-5.682013e+01	-2.055141e+03
1.300000e-07	-6.999708e-09	-1.759259e-08	-5.678767e+01	-2.054733e+03
1.400000e-07	-6.995513e-09	-1.759686e-08	-5.675363e+01	-2.054273e+03
1.500000e-07	-6.991033e-09	-1.772165e-08	-5.671729e+01	-2.053760e+03
1.600000e-07	-6.986185e-09	-1.769136e-08	-5.667796e+01	-2.053194e+03
1.700000e-07	-6.980990e-09	-1.753100e-08	-5.663581e+01	-2.052575e+03
1.800000e-07	-6.975520e-09	-1.766838e-08	-5.659144e+01	-2.051906e+03
1.900000e-07	-6.969743e-09	-1.773634e-08	-5.654457e+01	-2.051186e+03
2.000000e-07	-6.963638e-09	-1.748655e-08	-5.649504e+01	-2.050417e+03
2.100000e-07	-6.957190e-09	-1.753113e-08	-5.644273e+01	-2.049601e+03
2.200000e-07	-6.950368e-09	-1.767913e-08	-5.638739e+01	-2.048740e+03
2.300000e-07	-6.943201e-09	-1.751440e-08	-5.632924e+01	-2.047836e+03
2.400000e-07	-6.935741e-09	-1.747634e-08	-5.626872e+01	-2.046892e+03
2.500000e-07	-6.928057e-09	-1.760394e-08	-5.620638e+01	-2.045909e+03
2.600000e-07	-6.920173e-09	-1.750994e-08	-5.614242e+01	-2.044889e+03
2.700000e-07	-6.912086e-09	-1.747429e-08	-5.607681e+01	-2.043836e+03
2.800000e-07	-6.903783e-09	-1.756181e-08	-5.600945e+01	-2.042751e+03
2.900000e-07	-6.895214e-09	-1.746175e-08	-5.593993e+01	-2.041637e+03
3.000000e-07	-6.886321e-09	-1.743020e-08	-5.586779e+01	-2.040495e+03
3.100000e-07	-6.876954e-09	-1.750084e-08	-5.579179e+01	-2.039327e+03
3.200000e-07	-6.867043e-09	-1.745920e-08	-5.571139e+01	-2.038135e+03
3.300000e-07	-6.856630e-09	-1.744094e-08	-5.562691e+01	-2.036920e+03
3.400000e-07	-6.845767e-09	-1.746610e-08	-5.553878e+01	-2.035683e+03
3.500000e-07	-6.834521e-09	-1.741987e-08	-5.544755e+01	-2.034426e+03
3.600000e-07	-6.822939e-09	-1.742459e-08	-5.535358e+01	-2.033149e+03
3.700000e-07	-6.811087e-09	-1.743443e-08	-5.525743e+01	-2.031851e+03
3.800000e-07	-6.798952e-09	-1.737060e-08	-5.515898e+01	-2.030534e+03
3.900000e-07	-6.786491e-09	-1.738863e-08	-5.505789e+01	-2.029197e+03
4.000000e-07	-6.773697e-09	-1.740770e-08	-5.495410e+01	-2.027839e+03
4.100000e-07	-6.760557e-09	-1.737038e-08	-5.484750e+01	-2.026461e+03
4.200000e-07	-6.747045e-09	-1.735406e-08	-5.473787e+01	-2.025061e+03
4.300000e-07	-6.733178e-09	-1.734777e-08	-5.462537e+01	-2.023638e+03
4.400000e-07	-6.718937e-09	-1.733061e-08	-5.450984e+01	-2.022192e+03
4.500000e-07	-6.704294e-09	-1.731388e-08	-5.439105e+01	-2.020720e+03
4.600000e-07	-6.689186e-09	-1.730650e-08	-5.426848e+01	-2.019223e+03
4.700000e-07	-6.673577e-09	-1.728519e-08	-5.414185e+01	-2.017698e+03
4.800000e-07	-6.657538e-09	-1.728473e-08	-5.401173e+01	-2.016145e+03
4.900000e-07	-6.641095e-09	-1.729098e-08	-5.387832e+01	-2.014561e+03
5.000000e-07	-6.624302e-09	-1.726925e-08	-5.374208e+01	-2.012947e+03
5.100000e-07	-6.607232e-09	-1.724663e-08	-5.360360e+01	-2.011300e+03
5.200000e-07	-6.589920e-09	-1.723615e-08	-5.346316e+01	-2.009621e+03
5.300000e-07	-6.572362e-09	-1.722845e-08	-5.332071e+01	-2.007907e+03
5.400000e-07	-6.554523e-09	-1.721098e-08	-5.317598e+01	-2.006158e+03
5.500000e-07	-6.536392e-09	-1.719259e-08	-5.302889e+01	-2.004374e+03
5.600000e-07	-6.517955e-09	-1.717548e-08	-5.287931e+01	-2.002553e+03
5.700000e-07	-6.499201e-09	-1.717179e-08	-5.272716e+01	-2.000695e+03
5.800000e-07	-6.480126e-09	-1.715859e-08	-5.257241e+01	-1.998801e+03
5.900000e-07	-6.460754e-09	-1.713200e-08	-5.241525e+01	-1.996869e+03
6.000000e-07	-6.441138e-09	-1.711576e-08	-5.225611e+01	-1.994900e+03
6.100000e-07	-6.421329e-09	-1.710222e-08	-5.209540e+01	-1.992893e+03
6.200000e-07	-6.401379e-09	-1.708866e-08	-5.193355e+01	-1.990848e+03
6.300000e-07	-6.381276e-09	-1.706350e-08	-5.177046e+01	-1.988765e+03
6.400000e-07	-6.360973e-09	-1.704404e-08	-5.160574e+01	-1.986645e+03
6.500000e-07	-6.340437e-09	-1.703047e-08	-5.143914e+01	-1.984487e+03
6.600000e-07	-6.319653e-09	-1.701557e-08	-5.127052e+01	-1.982291e+03
6.700000e-07	-6.298611e-09	-1.699654e-08	-5.109981e+01	-1.980058e+03
6.800000e-07	-6.277294e-09	-1.697344e-08	-5.092687e+01	-1.977786e+03
6.900000e-07	-6.255691e-09	-1.695959e-08	-5.075161e+01	-1.975476e+03
7.000000e-07	-6.233797e-09	-1.693880e-08	-5.057399e+01	-1.973128e+03
7.100000e-07	-6.211624e-09	-1.691103e-08	-5.039410e+01	-1.970740e+03
7.200000e-07	-6.189185e-09	-1.687975e-08	-5.021206e+01	-1.968314e+03
7.300000e-07	-6.166469e-09	-1.685752e-08	-5.002776e+01	-1.965847e+03
7.400000e-07	-6.143439e-09	-1.684435e-08	-4.984093e+01	-1.963339e+03
7.500000e-07	-6.120112e-09	-1.682661e-08	-4.965168e+01	-1.960791e+03
7.600000e-07	-6.096574e-09	-1.680677e-08	-4.946072e+01	-1.958200e+03
7.700000e-07	-6.072835e-09	-1.678534e-08	-4.926812e+01	-1.955567e+03
7.800000e-07	-6.048868e-09	-1.676411e-08	-4.907368e+01	-1.952889e+03
7.900000e-07	-6.024663e-09	-1.673244e-08	-4.887731e+01	-1.950167e+03
8.000000e-07	-6.000168e-09	-1.669428e-08	-4.867859e+01	-1.947400e+03
8.100000e-07	-5.975316e-09	-1.665956e-08	-4.847697e+01	-1.944586e+03
8.200000e-07	-5.950075e-09	-1.663445e-08	-4.827219e+01	-1.941724e+03
8.300000e-07	-5.924389e-09	-1.661550e-08	-4.806381e+01	-1.938815e+03
8.400000e-07	-5.898248e-09	-1.659149e-08	-4.785173e+01	-1.935857e+03
8.500000e-07	-5.871708e-09	-1.656548e-08	-4.763642e+01	-1.932850e+03
8.600000e-07	-5.844792e-09	-1.653789e-08	-4.741806e+01	-1.929793e+03
8.700000e-07	-5.817541e-09	-1.650859e-08	-4.719697e+01	-1.926687e+03
8.800000e-07	-5.790026e-09	-1.647202e-08	-4.697375e+01	-1.923529e+03
8.900000e-07	-5.762286e-09	-1.643178e-08	-4.674870e+01	-1.920322e+03
9.000000e-07	-5.734347e-09	-1.639648e-08	-4.652203e+01	-1.917064e+03
9.100000e-07	-5.706223e-09	-1.636777e-08	-4.629386e+01	-1.913756e+03
9.200000e-07	-5.677902e-09	-1.634135e-08	-4.606410e+01	-1.910398e+03
9.300000e-07	-5.649373e-09	-1.631220e-08	-4.583265e+01	-1.906991e+03
9.400000e-07	-5.620623e-09	-1.628402e-08	-4.559940e+01	-1.903535e+03
9.500000e-07	-5.591650e-09	-1.625319e-08	-4.536435e+01	-1.900030e+03
9.600000e-07	-5.562422e-09	-1.622021e-08	-4.512723e+01	-1.896478e+03
9.700000e-07	-5.532943e-09	-1.618562e-08	-4.488808e+01	-1.892879e+03
9.800000e-07	-5.503238e-09	-1.615231e-08	-4.464708e+01	-1.889234e+03
9.900000e-07	-5.473305e-09	-1.612126e-08	-4.440424e+01	-1.885543e+03
1.000000e-06	-5.443182e-09	-1.609003e-08	-4.415985e+01	-1.881807e+03
1.010000e-06	-5.412846e-09	-1.606034e-08	-4.391375e+01	-1.878027e+03
1.020000e-06	-5.382287e-09	-1.602965e-08	-4.366582e+01	-1.874203e+03
1.030000e-06	-5.351521e-09	-1.599882e-08	-4.341623e+01	-1.870335e+03
1.040000e-06	-5.320529e-09	-1.596563e-08	-4.316479e+01	-1.866425e+03
1.050000e-06	-5.289331e-09	-1.593019e-08	-4.291168e+01	-1.862471e+03
1.060000e-06	-5.257914e-09	-1.589277e-08	-4.265681e+01	-1.858475e+03
1.070000e-06	-5.226300e-09	-1.585566e-08	-4.240032e+01	-1.854435e+03
1.080000e-06	-5.194501e-09	-1.582218e-08	-4.214234e+01	-1.850351e+03
1.090000e-06	-5.162498e-09	-1.579026e-08	-4.188271e+01	-1.846223e+03
1.100000e-06	-5.130287e-09	-1.576108e-08	-4.162138e+01	-1.842050e+03
1.110000e-06	-5.097845e-09	-1.572996e-08	-4.135819e+01	-1.837830e+03
1.120000e-06	-5.065143e-09	-1.569529e-08	-4.109288e+01	-1.833564e+03
1.130000e-06	-5.032113e-09	-1.565925e-08	-4.082492e+01	-1.829250e+03
1.140000e-06	-4.998751e-09	-1.562306e-08	-4.055426e+01	-1.824885e+03
1.150000e-06	-4.965056e-09	-1.558705e-08	-4.028090e+01	-1.820470e+03
1.160000e-06	-4.931008e-09	-1.554932e-08	-4.000467e+01	-1.816002e+03
1.170000e-06	-4.896625e-09	-1.551074e-08	-3.972573e+01	-1.811480e+03
1.180000e-06	-4.861918e-09	-1.547166e-08	-3.944416e+01	-1.806903e+03
1.190000e-06	-4.826912e-09	-1.543426e-08	-3.916016e+01	-1.802268e+03
1.200000e-06	-4.791645e-09	-1.539657e-08	-3.887404e+01	-1.797574e+03
1.210000e-06	-4.756146e-09	-1.535734e-08	-3.858604e+01	-1.792820e+03
1.220000e-06	-4.720438e-09	-1.531670e-08	-3.829635e+01	-1.788005e+03
1.230000e-06	-4.684555e-09	-1.527726e-08	-3.800523e+01	-1.783126e+03
1.240000e-06	-4.648515e-09	-1.524125e-08	-3.771284e+01	-1.778184e+03
1.250000e-06	-4.612316e-09	-1.520303e-08	-3.741917e+01	-1.773177e+03
1.260000e-06	-4.575956e-09	-1.515934e-08	-3.712418e+01	-1.768105e+03
1.270000e-06	-4.539434e-09	-1.511202e-08	-3.682789e+01	-1.762965e+03
1.280000e-06	-4.502773e-09	-1.506495e-08	-3.653046e+01	-1.757759e+03
1.290000e-06	-4.465968e-09	-1.501912e-08	-3.623187e+01	-1.752486e+03
1.300000e-06	-4.428943e-09	-1.497348e-08	-3.593149e+01	-1.747145e+03
1.310000e-06	-4.391713e-09	-1.492675e-08	-3.562945e+01	-1.741737e+03
1.320000e-06	-4.354298e-09	-1.487938e-08	-3.532591e+01	-1.736261e+03
1.330000e-06	-4.316692e-09	-1.483169e-08	-3.502082e+01	-1.730717e+03
1.340000e-06	-4.278893e-09	-1.478095e-08	-3.471416e+01	-1.725106e+03
1.350000e-06	-4.240901e-09	-1.472875e-08	-3.440594e+01	-1.719427e+03
1.360000e-06	-4.202729e-09	-1.467856e-08	-3.409625e+01	-1.713681e+03
1.370000e-06	-4.164366e-09	-1.463071e-08	-3.378502e+01	-1.707868e+03
1.380000e-06	-4.125811e-09	-1.458241e-08	-3.347223e+01	-1.701987e+03
1.390000e-06	-4.087073e-09	-1.453248e-08	-3.315795e+01	-1.696038e+03
1.400000e-06	-4.048184e-09	-1.448232e-08	-3.284245e+01	-1.690021e+03
1.410000e-06	-4.009169e-09	-1.442821e-08	-3.252592e+01	-1.683935e+03
1.420000e-06	-3.970008e-09	-1.437157e-08	-3.220822e+01	-1.677780e+03
1.430000e-06	-3.930658e-09	-1.431433e-08	-3.188898e+01	-1.671554e+03
1.440000e-06	-3.891159e-09	-1.425658e-08	-3.156852e+01	-1.665257e+03
1.450000e-06	-3.851522e-09	-1.420098e-08	-3.124696e+01	-1.658886e+03
1.460000e-06	-3.811699e-09	-1.414525e-08	-3.092388e+01	-1.652441e+03
1.470000e-06	-3.771709e-09	-1.408696e-08	-3.059944e+01	-1.645918e+03
1.480000e-06	-3.731567e-09	-1.402532e-08	-3.027378e+01	-1.639317e+03
1.490000e-06	-3.691279e-09	-1.396325e-08	-2.994693e+01	-1.632633e+03
1.500000e-06	-3.650786e-09	-1.389967e-08	-2.961842e+01	-1.625866e+03
1.510000e-06	-3.610087e-09	-1.383298e-08	-2.928823e+01	-1.619011e+03
1.520000e-06	-3.569215e-09	-1.376646e-08	-2.895664e+01	-1.612067e+03
1.530000e-06	-3.528109e-09	-1.370282e-08	-2.862316e+01	-1.605030e+03
1.540000e-06	-3.486799e-09	-1.364338e-08	-2.828801e+01	-1.597896e+03
1.550000e-06	-3.445306e-09	-1.358317e-08	-2.795139e+01	-1.590664e+03
1.560000e-06	-3.403591e-09	-1.351974e-08	-2.761297e+01	-1.583330e+03
1.570000e-06	-3.361671e-09	-1.345465e-08	-2.727287e+01	-1.575891e+03
1.580000e-06	-3.319545e-09	-1.338812e-08	-2.693112e+01	-1.568345e+03
1.590000e-06	-3.277184e-09	-1.331804e-08	-2.658746e+01	-1.560689e+03
1.600000e-06	-3.234631e-09	-1.324397e-08	-2.624223e+01	-1.552920e+03
1.610000e-06	-3.191927e-09	-1.317179e-08	-2.589578e+01	-1.545037e+03
1.620000e-06	-3.149033e-09	-1.310273e-08	-2.554779e+01	-1.537038e+03
1.630000e-06	-3.105988e-09	-1.303447e-08	-2.519857e+01	-1.528921e+03
1.640000e-06	-3.062814e-09	-1.296548e-08	-2.484831e+01	-1.520686e+03
1.650000e-06	-3.019476e-09	-1.289445e-08	-2.449671e+01	-1.512330e+03
1.660000e-06	-2.976003e-09	-1.282181e-08	-2.414402e+01	-1.503855e+03
1.670000e-06	-2.932392e-09	-1.274622e-08	-2.379021e+01	-1.495259e+03
1.680000e-06	-2.888687e-09	-1.266870e-08	-2.343564e+01	-1.486544e+03
1.690000e-06	-2.844909e-09	-1.259010e-08	-2.308047e+01	-1.477708e+03
1.700000e-06	-2.800998e-09	-1.251255e-08	-2.272423e+01	-1.468753e+03
1.710000e-06	-2.756978e-09	-1.243700e-08	-2.236710e+01	-1.459679e+03
1.720000e-06	-2.712861e-09	-1.236057e-08	-2.200918e+01	-1.450487e+03
1.730000e-06	-2.668650e-09	-1.228312e-08	-2.165051e+01	-1.441179e+03
1.740000e-06	-2.624352e-09	-1.220612e-08	-2.129112e+01	-1.431754e+03
1.750000e-06	-2.579952e-09	-1.212885e-08	-2.093091e+01	-1.422215e+03
1.760000e-06	-2.535459e-09	-1.204844e-08	-2.056994e+01	-1.412561e+03
1.770000e-06	-2.490872e-09	-1.196443e-08	-2.020821e+01	-1.402792e+03
1.780000e-06	-2.446191e-09	-1.187919e-08	-1.984572e+01	-1.392911e+03
1.790000e-06	-2.401400e-09	-1.179471e-08	-1.948234e+01	-1.382915e+03
1.800000e-06	-2.356500e-09	-1.170773e-08	-1.911807e+01	-1.372805e+03
1.810000e-06	-2.311479e-09	-1.161718e-08	-1.875282e+01	-1.362581e+03
1.820000e-06	-2.266338e-09	-1.152805e-08	-1.838660e+01	-1.352240e+03
1.830000e-06	-2.221073e-09	-1.144384e-08	-1.801937e+01	-1.341781e+03
1.840000e-06	-2.175676e-09	-1.136318e-08	-1.765107e+01	-1.331202e+03
1.850000e-06	-2.130179e-09	-1.127816e-08	-1.728196e+01	-1.320500e+03
1.860000e-06	-2.084588e-09	-1.118534e-08	-1.691209e+01	-1.309672e+03
1.870000e-06	-2.038876e-09	-1.108702e-08	-1.654124e+01	-1.298714e+03
1.880000e-06	-1.993040e-09	-1.098700e-08	-1.616938e+01	-1.287623e+03
1.890000e-06	-1.947116e-09	-1.088711e-08	-1.579680e+01	-1.276393e+03
1.900000e-06	-1.901123e-09	-1.078842e-08	-1.542367e+01	-1.265021e+03
1.910000e-06	-1.855051e-09	-1.069284e-08	-1.504990e+01	-1.253501e+03
1.920000e-06	-1.808890e-09	-1.059774e-08	-1.467540e+01	-1.241827e+03
1.930000e-06	-1.762653e-09	-1.050024e-08	-1.430028e+01	-1.229995e+03
1.940000e-06	-1.716332e-09	-1.039726e-08	-1.392448e+01	-1.217999e+03
1.950000e-06	-1.669945e-09	-1.028765e-08	-1.354815e+01	-1.205833e+03
1.960000e-06	-1.623489e-09	-1.017376e-08	-1.317126e+01	-1.193493e+03
1.970000e-06	-1.576984e-09	-1.006133e-08	-1.279398e+01	-1.180973e+03
1.980000e-06	-1.530443e-09	-9.953876e-09	-1.241639e+01	-1.168268e+03
1.990000e-06	-1.483814e-09	-9.846284e-09	-1.203810e+01	-1.155375e+03
2.000000e-06	-1.437131e-09	-9.733956e-09	-1.165937e+01	-1.142288e+03
2.010000e-06	-1.390424e-09	-9.616646e-09	-1.128044e+01	-1.129005e+03
2.020000e-06	-1.343661e-09	-9.497661e-09	-1.090106e+01	-1.115523e+03
2.030000e-06	-1.296860e-09	-9.379455e-09	-1.052137e+01	-1.101838e+03
2.040000e-06	-1.250025e-09	-9.259431e-09	-1.014141e+01	-1.087949e+03
2.050000e-06	-1.203164e-09	-9.137197e-09	-9.761226e+00	-1.073855e+03
2.060000e-06	-1.156250e-09	-9.015238e-09	-9.380622e+00	-1.059554e+03
2.070000e-06	-1.109271e-09	-8.893078e-09	-8.999487e+00	-1.045047e+03
2.080000e-06	-1.062258e-09	-8.766583e-09	-8.618078e+00	-1.030332e+03
2.090000e-06	-1.015170e-09	-8.634760e-09	-8.236058e+00	-1.015411e+03
2.100000e-06	-9.680413e-10	-8.500939e-09	-7.853708e+00	-1.000284e+03
2.110000e-06	-9.209110e-10	-8.366296e-09	-7.471347e+00	-9.849508e+02
2.120000e-06	-8.737331e-10	-8.230217e-09	-7.088599e+00	-9.694133e+02
2.130000e-06	-8.265084e-10	-8.091486e-09	-6.705471e+00	-9.536716e+02
2.140000e-06	-7.792467e-10	-7.951372e-09	-6.322044e+00	-9.377261e+02
2.150000e-06	-7.319454e-10	-7.811166e-09	-5.938295e+00	-9.215769e+02
2.160000e-06	-6.846001e-10	-7.670238e-09	-5.554189e+00	-9.052234e+02
2.170000e-06	-6.372134e-10	-7.526486e-09	-5.169747e+00	-8.886644e+02
2.180000e-06	-5.897922e-10	-7.379774e-09	-4.785025e+00	-8.718979e+02
2.190000e-06	-5.423402e-10	-7.233858e-09	-4.400053e+00	-8.549212e+02
2.200000e-06	-4.948649e-10	-7.086278e-09	-4.014891e+00	-8.377302e+02
2.210000e-06	-4.473537e-10	-6.932563e-09	-3.629439e+00	-8.203200e+02
2.220000e-06	-3.998040e-10	-6.773988e-09	-3.243674e+00	-8.026843e+02
2.230000e-06	-3.522341e-10	-6.615978e-09	-2.857747e+00	-7.848158e+02
2.240000e-06	-3.046379e-10	-6.459978e-09	-2.471604e+00	-7.667055e+02
2.250000e-06	-2.570449e-10	-6.302960e-09	-2.085488e+00	-7.483434e+02
2.260000e-06	-2.094703e-10	-6.142929e-09	-1.699521e+00	-7.297183e+02
2.270000e-06	-1.618724e-10	-5.979205e-09	-1.313365e+00	-7.108175e+02
2.280000e-06	-1.142707e-10	-5.815150e-09	-9.271784e-01	-6.916273e+02
2.290000e-06	-6.668852e-11	-5.648779e-09	-5.411500e-01	-6.721331e+02
2.300000e-06	-1.910682e-11	-5.476552e-09	-1.551258e-01	-6.523192e+02
2.310000e-06	2.847039e-11	-5.299769e-09	2.308622e-01	-6.321693e+02
2.320000e-06	7.603607e-11	-5.121987e-09	6.167571e-01	-6.116666e+02
2.330000e-06	1.235875e-10	-4.945203e-09	1.002536e+00	-5.907938e+02
2.340000e-06	1.711081e-10	-4.764622e-09	1.388064e+00	-5.695339e+02
2.350000e-06	2.185999e-10	-4.580330e-09	1.773358e+00	-5.478697e+02
2.360000e-06	2.660705e-10	-4.393492e-09	2.158481e+00	-5.257849e+02
2.370000e-06	3.135346e-10	-4.203824e-09	2.543550e+00	-5.032637e+02
2.380000e-06	3.609888e-10	-4.008962e-09	2.928540e+00	-4.802914e+02
2.390000e-06	4.084166e-10	-3.804813e-09	3.313316e+00	-4.568548e+02
2.400000e-06	4.558129e-10	-3.595739e-09	3.697838e+00	-4.329421e+02
2.410000e-06	5.031934e-10	-3.385054e-09	4.082231e+00	-4.085439e+02
2.420000e-06	5.505699e-10	-3.173515e-09	4.466591e+00	-3.836524e+02
2.430000e-06	5.979100e-10	-2.959111e-09	4.850655e+00	-3.582628e+02
2.440000e-06	6.452276e-10	-2.739862e-09	5.234536e+00	-3.323727e+02
2.450000e-06	6.925179e-10	-2.518214e-09	5.618197e+00	-3.059827e+02
2.460000e-06	7.397753e-10	-2.292913e-09	6.001591e+00	-2.790964e+02
2.470000e-06	7.870127e-10	-2.062125e-09	6.384821e+00	-2.517206e+02
2.480000e-06	8.342108e-10	-1.826597e-09	6.767733e+00	-2.238654e+02
2.490000e-06	8.813977e-10	-1.587561e-09	7.150554e+00	-1.955442e+02
2.500000e-06	9.285710e-10	-1.344327e-09	7.533265e+00	-1.667739e+02
2.510000e-06	9.757269e-10	-1.097622e-09	7.915835e+00	-1.375745e+02
2.520000e-06	1.022830e-09	-8.462585e-10	8.297977e+00	-1.079694e+02
2.530000e-06	1.069897e-09	-5.881055e-10	8.679828e+00	-7.798518e+01
2.540000e-06	1.116962e-09	-3.255548e-10	9.061657e+00	-4.765119e+01
2.550000e-06	1.163973e-09	-5.998199e-11	9.443050e+00	-1.699968e+01
2.560000e-06	1.210939e-09	2.052547e-10	9.824085e+00	1.393459e+01
2.570000e-06	1.257854e-09	4.711133e-10	1.020469e+01	4.511462e+01
2.580000e-06	1.304697e-09	7.399629e-10	1.058473e+01	7.650143e+01
2.590000e-06	1.351506e-09	1.010851e-09	1.096449e+01	1.080545e+02
2.600000e-06	1.398241e-09	1.285286e-09	1.134364e+01	1.397318e+02
2.610000e-06	1.444906e-09	1.560394e-09	1.172222e+01	1.714908e+02
2.620000e-06	1.491516e-09	1.834646e-09	1.210037e+01	2.032881e+02
2.630000e-06	1.538046e-09	2.108394e-09	1.247786e+01	2.350803e+02
2.640000e-06	1.584506e-09	2.379716e-09	1.285478e+01	2.668242e+02
2.650000e-06	1.630858e-09	2.650422e-09	1.323083e+01	2.984773e+02
2.660000e-06	1.677135e-09	2.919801e-09	1.360627e+01	3.299979e+02
2.670000e-06	1.723348e-09	3.188697e-09	1.398119e+01	3.613458e+02
2.680000e-06	1.769443e-09	3.457470e-09	1.435515e+01	3.924824e+02
2.690000e-06	1.815436e-09	3.721896e-09	1.472829e+01	4.233710e+02
2.700000e-06	1.861337e-09	3.979403e-09	1.510067e+01	4.539772e+02
2.710000e-06	1.907161e-09	4.228748e-09	1.547244e+01	4.842692e+02
2.720000e-06	1.952859e-09	4.477536e-09	1.584318e+01	5.142174e+02
2.730000e-06	1.998438e-09	4.730675e-09	1.621296e+01	5.437955e+02
2.740000e-06	2.043948e-09	4.985412e-09	1.658217e+01	5.729798e+02
2.750000e-06	2.089387e-09	5.238161e-09	1.695081e+01	6.017499e+02
2.760000e-06	2.134747e-09	5.484727e-09	1.731881e+01	6.300880e+02
2.770000e-06	2.179989e-09	5.724614e-09	1.768585e+01	6.579798e+02
2.780000e-06	2.225139e-09	5.954467e-09	1.805215e+01	6.854137e+02
2.790000e-06	2.270201e-09	6.175498e-09	1.841773e+01	7.123810e+02
2.800000e-06	2.315173e-09	6.392578e-09	1.878259e+01	7.388760e+02
2.810000e-06	2.360067e-09	6.612050e-09	1.914680e+01	7.648952e+02
2.820000e-06	2.404890e-09	6.835931e-09	1.951044e+01	7.904381e+02
2.830000e-06	2.449625e-09	7.057845e-09	1.987338e+01	8.155059e+02
2.840000e-06	2.494262e-09	7.276908e-09	2.023551e+01	8.401021e+02
2.850000e-06	2.538817e-09	7.488716e-09	2.059698e+01	8.642320e+02
2.860000e-06	2.583291e-09	7.692211e-09	2.095779e+01	8.879023e+02
2.870000e-06	2.627690e-09	7.888280e-09	2.131799e+01	9.111210e+02
2.880000e-06	2.671994e-09	8.080118e-09	2.167743e+01	9.338972e+02
2.890000e-06	2.716188e-09	8.269055e-09	2.203597e+01	9.562405e+02
2.900000e-06	2.760297e-09	8.454723e-09	2.239382e+01	9.781614e+02
2.910000e-06	2.804326e-09	8.641061e-09	2.275102e+01	9.996703e+02
2.920000e-06	2.848263e-09	8.825439e-09	2.310748e+01	1.020778e+03
2.930000e-06	2.892098e-09	9.006179e-09	2.346312e+01	1.041495e+03
2.940000e-06	2.935825e-09	9.178815e-09	2.381786e+01	1.061831e+03
2.950000e-06	2.979405e-09	9.345070e-09	2.417142e+01	1.081797e+03
2.960000e-06	3.022834e-09	9.509106e-09	2.452376e+01	1.101401e+03
2.970000e-06	3.066126e-09	9.670520e-09	2.487498e+01	1.120652e+03
2.980000e-06	3.109264e-09	9.829822e-09	2.522495e+01	1.139558e+03
2.990000e-06	3.152218e-09	9.985438e-09	2.557343e+01	1.158125e+03
3.000000e-06	3.194919e-09	1.014111e-08	2.591986e+01	1.176360e+03
3.010000e-06	3.237377e-09	1.029554e-08	2.626431e+01	1.194268e+03
3.020000e-06	3.279656e-09	1.044731e-08	2.660731e+01	1.211853e+03
3.030000e-06	3.321712e-09	1.059482e-08	2.694850e+01	1.229120e+03
3.040000e-06	3.363504e-09	1.073728e-08	2.728755e+01	1.246071e+03
3.050000e-06	3.405062e-09	1.087817e-08	2.762471e+01	1.262710e+03
3.060000e-06	3.446417e-09	1.101613e-08	2.796021e+01	1.279038e+03
3.070000e-06	3.487551e-09	1.115076e-08	2.829393e+01	1.295057e+03
3.080000e-06	3.528475e-09	1.128007e-08	2.862593e+01	1.310769e+03
3.090000e-06	3.569216e-09	1.140702e-08	2.895646e+01	1.326175e+03
3.100000e-06	3.609753e-09	1.153416e-08	2.928533e+01	1.341277e+03
3.110000e-06	3.650104e-09	1.165835e-08	2.961269e+01	1.356076e+03
3.120000e-06	3.690316e-09	1.177734e-08	2.993893e+01	1.370573e+03
3.130000e-06	3.730404e-09	1.189265e-08	3.026416e+01	1.384772e+03
3.140000e-06	3.770337e-09	1.200774e-08	3.058813e+01	1.398673e+03
3.150000e-06	3.810122e-09	1.212112e-08	3.091091e+01	1.412281e+03
3.160000e-06	3.849801e-09	1.223131e-08	3.123281e+01	1.425599e+03
3.170000e-06	3.889371e-09	1.233870e-08	3.155384e+01	1.438631e+03
3.180000e-06	3.928793e-09	1.244414e-08	3.187367e+01	1.451381e+03
3.190000e-06	3.968054e-09	1.254813e-08	3.219219e+01	1.463855e+03
3.200000e-06	4.007169e-09	1.265091e-08	3.250952e+01	1.476059e+03
3.210000e-06	4.046133e-09	1.275218e-08	3.282563e+01	1.487998e+03
3.220000e-06	4.084948e-09	1.284930e-08	3.314053e+01	1.499681e+03
3.230000e-06	4.123574e-09	1.294352e-08	3.345390e+01	1.511114e+03
3.240000e-06	4.161983e-09	1.303587e-08	3.376551e+01	1.522306e+03
3.250000e-06	4.200209e-09	1.312673e-08	3.407563e+01	1.533264e+03
3.260000e-06	4.238268e-09	1.321621e-08	3.438440e+01	1.543996e+03
3.270000e-06	4.276156e-09	1.330454e-08	3.469178e+01	1.554513e+03
3.280000e-06	4.313825e-09	1.339390e-08	3.499739e+01	1.564821e+03
3.290000e-06	4.351277e-09	1.348271e-08	3.530123e+01	1.574930e+03
3.300000e-06	4.388548e-09	1.356839e-08	3.560360e+01	1.584848e+03
3.310000e-06	4.425618e-09	1.365092e-08	3.590435e+01	1.594583e+03
3.320000e-06	4.462460e-09	1.373140e-08	3.620324e+01	1.604143e+03
3.330000e-06	4.499098e-09	1.381011e-08	3.650048e+01	1.613535e+03
3.340000e-06	4.535592e-09	1.388901e-08	3.679655e+01	1.622766e+03
3.350000e-06	4.571924e-09	1.396847e-08	3.709131e+01	1.631842e+03
3.360000e-06	4.608077e-09	1.404575e-08	3.738461e+01	1.640770e+03
3.370000e-06	4.644100e-09	1.411961e-08	3.767686e+01	1.649553e+03
3.380000e-06	4.679985e-09	1.419105e-08	3.796800e+01	1.658197e+03
3.390000e-06	4.715700e-09	1.426060e-08	3.825775e+01	1.666706e+03
3.400000e-06	4.751224e-09	1.432765e-08	3.854595e+01	1.675081e+03
3.410000e-06	4.786576e-09	1.439462e-08	3.883276e+01	1.683326e+03
3.420000e-06	4.821691e-09	1.446524e-08	3.911765e+01	1.691443e+03
3.430000e-06	4.856482e-09	1.453912e-08	3.939990e+01	1.699433e+03
3.440000e-06	4.890973e-09	1.461149e-08	3.967972e+01	1.707296e+03
3.450000e-06	4.925153e-09	1.467990e-08	3.995702e+01	1.715033e+03
3.460000e-06	4.958990e-09	1.474477e-08	4.023153e+01	1.722644e+03
3.470000e-06	4.992470e-09	1.480843e-08	4.050314e+01	1.730128e+03
3.480000e-06	5.025638e-09	1.487369e-08	4.077223e+01	1.737486e+03
3.490000e-06	5.058538e-09	1.493938e-08	4.103914e+01	1.744715e+03
3.500000e-06	5.091154e-09	1.500448e-08	4.130375e+01	1.751816e+03
3.510000e-06	5.123535e-09	1.506823e-08	4.156646e+01	1.758788e+03
3.520000e-06	5.155739e-09	1.513017e-08	4.182772e+01	1.765631e+03
3.530000e-06	5.187767e-09	1.519036e-08	4.208756e+01	1.772343e+03
3.540000e-06	5.219622e-09	1.524836e-08	4.234600e+01	1.778926e+03
3.550000e-06	5.251323e-09	1.530314e-08	4.260319e+01	1.785379e+03
3.560000e-06	5.282838e-09	1.535567e-08	4.285887e+01	1.791702e+03
3.570000e-06	5.314123e-09	1.540792e-08	4.311268e+01	1.797896e+03
3.580000e-06	5.345179e-09	1.546080e-08	4.336463e+01	1.803964e+03
3.590000e-06	5.376008e-09	1.551429e-08	4.361474e+01	1.809906e+03
3.600000e-06	5.406589e-09	1.556594e-08	4.386284e+01	1.815724e+03
3.610000e-06	5.436895e-09	1.561356e-08	4.410871e+01	1.821422e+03
3.620000e-06	5.466976e-09	1.566040e-08	4.435276e+01	1.827001e+03
3.630000e-06	5.496851e-09	1.571033e-08	4.459513e+01	1.832465e+03
3.640000e-06	5.526483e-09	1.575965e-08	4.483553e+01	1.837818e+03
3.650000e-06	5.555897e-09	1.580693e-08	4.507417e+01	1.843062e+03
3.660000e-06	5.585059e-09	1.585222e-08	4.531075e+01	1.848202e+03
3.670000e-06	5.613934e-09	1.589648e-08	4.554501e+01	1.853241e+03
3.680000e-06	5.642573e-09	1.594227e-08	4.577735e+01	1.858184e+03
3.690000e-06	5.670990e-09	1.598488e-08	4.600790e+01	1.863034e+03
3.700000e-06	5.699205e-09	1.602277e-08	4.623680e+01	1.867796e+03
3.710000e-06	5.727240e-09	1.606001e-08	4.646425e+01	1.872473e+03
3.720000e-06	5.755123e-09	1.609720e-08	4.669047e+01	1.877067e+03
3.730000e-06	5.782836e-09	1.613317e-08	4.691529e+01	1.881584e+03
3.740000e-06	5.810327e-09	1.616952e-08	4.713833e+01	1.886025e+03
3.750000e-06	5.837562e-09	1.620794e-08	4.735928e+01	1.890394e+03
3.760000e-06	5.864496e-09	1.624638e-08	4.757779e+01	1.894692e+03
3.770000e-06	5.891027e-09	1.628291e-08	4.779304e+01	1.898922e+03
3.780000e-06	5.917042e-09	1.631603e-08	4.800409e+01	1.903085e+03
3.790000e-06	5.942629e-09	1.634620e-08	4.821167e+01	1.907182e+03
3.800000e-06	5.967814e-09	1.637694e-08	4.841599e+01	1.911214e+03
3.810000e-06	5.992582e-09	1.640881e-08	4.861693e+01	1.915182e+03
3.820000e-06	6.017036e-09	1.644109e-08	4.881532e+01	1.919086e+03
3.830000e-06	6.041247e-09	1.647404e-08	4.901174e+01	1.922926e+03
3.840000e-06	6.065240e-09	1.650660e-08	4.920640e+01	1.926701e+03
3.850000e-06	6.089022e-09	1.653775e-08	4.939934e+01	1.930411e+03
3.860000e-06	6.112585e-09	1.656558e-08	4.959051e+01	1.934055e+03
3.870000e-06	6.135890e-09	1.659134e-08	4.977958e+01	1.937632e+03
3.880000e-06	6.158936e-09	1.661646e-08	4.996654e+01	1.941142e+03
3.890000e-06	6.181720e-09	1.664110e-08	5.015139e+01	1.944585e+03
3.900000e-06	6.204218e-09	1.666737e-08	5.033391e+01	1.947958e+03
3.910000e-06	6.226463e-09	1.669312e-08	5.051439e+01	1.951262e+03
3.920000e-06	6.248443e-09	1.671832e-08	5.069271e+01	1.954497e+03
3.930000e-06	6.270137e-09	1.674715e-08	5.086871e+01	1.957662e+03
3.940000e-06	6.291583e-09	1.677885e-08	5.104269e+01	1.960757e+03
3.950000e-06	6.312736e-09	1.680812e-08	5.121431e+01	1.963783e+03
3.960000e-06	6.333574e-09	1.683250e-08	5.138336e+01	1.966740e+03
3.970000e-06	6.354124e-09	1.685397e-08	5.155008e+01	1.969629e+03
3.980000e-06	6.374423e-09	1.687419e-08	5.171477e+01	1.972451e+03
3.990000e-06	6.394541e-09	1.689374e-08	5.187799e+01	1.975209e+03
4.000000e-06	6.414491e-09	1.691338e-08	5.203984e+01	1.977903e+03
4.010000e-06	6.434254e-09	1.693492e-08	5.220017e+01	1.980536e+03
4.020000e-06	6.453821e-09	1.695974e-08	5.235892e+01	1.983110e+03
4.030000e-06	6.473112e-09	1.698490e-08	5.251542e+01	1.985627e+03
4.040000e-06	6.492075e-09	1.700897e-08	5.266926e+01	1.988089e+03
4.050000e-06	6.510696e-09	1.702992e-08	5.282034e+01	1.990500e+03
4.060000e-06	6.528968e-09	1.704763e-08	5.296857e+01	1.992861e+03
4.070000e-06	6.546889e-09	1.706644e-08	5.311397e+01	1.995176e+03
4.080000e-06	6.564504e-09	1.708628e-08	5.325688e+01	1.997447e+03
4.090000e-06	6.581865e-09	1.710664e-08	5.339773e+01	1.999675e+03
4.100000e-06	6.599000e-09	1.712697e-08	5.353674e+01	2.001864e+03
4.110000e-06	6.615895e-09	1.714817e-08	5.367381e+01	2.004015e+03
4.120000e-06	6.632490e-09	1.717095e-08	5.380844e+01	2.006130e+03
4.130000e-06	6.648794e-09	1.719242e-08	5.394071e+01	2.008210e+03
4.140000e-06	6.664760e-09	1.721095e-08	5.407025e+01	2.010255e+03
4.150000e-06	6.680311e-09	1.722659e-08	5.419641e+01	2.012268e+03
4.160000e-06	6.695445e-09	1.724306e-08	5.431919e+01	2.014247e+03
4.170000e-06	6.710186e-09	1.726160e-08	5.443878e+01	2.016194e+03
4.180000e-06	6.724568e-09	1.727940e-08	5.455546e+01	2.018107e+03
4.190000e-06	6.738623e-09	1.729423e-08	5.466949e+01	2.019986e+03
4.200000e-06	6.752412e-09	1.730681e-08	5.478136e+01	2.021830e+03
4.210000e-06	6.765927e-09	1.732149e-08	5.489100e+01	2.023637e+03
4.220000e-06	6.779118e-09	1.733839e-08	5.499801e+01	2.025406e+03
4.230000e-06	6.791975e-09	1.735589e-08	5.510233e+01	2.027136e+03
4.240000e-06	6.804507e-09	1.737050e-08	5.520399e+01	2.028824e+03
4.250000e-06	6.816739e-09	1.738292e-08	5.530323e+01	2.030469e+03
4.260000e-06	6.828697e-09	1.739636e-08	5.540025e+01	2.032068e+03
4.270000e-06	6.840376e-09	1.740987e-08	5.549500e+01	2.033620e+03
4.280000e-06	6.851727e-09	1.742172e-08	5.558709e+01	2.035122e+03
4.290000e-06	6.862707e-09	1.742970e-08	5.567617e+01	2.036573e+03
4.300000e-06	6.873230e-09	1.743753e-08	5.576154e+01	2.037971e+03
4.310000e-06	6.883164e-09	1.744759e-08	5.584213e+01	2.039315e+03
4.320000e-06	6.892544e-09	1.745881e-08	5.591824e+01	2.040604e+03
4.330000e-06	6.901467e-09	1.746837e-08	5.599062e+01	2.041837e+03
4.340000e-06	6.909990e-09	1.747598e-08	5.605978e+01	2.043013e+03
4.350000e-06	6.918208e-09	1.748478e-08	5.612644e+01	2.044132e+03
4.360000e-06	6.926215e-09	1.749461e-08	5.619141e+01	2.045195e+03
4.370000e-06	6.934040e-09	1.750327e-08	5.625489e+01	2.046202e+03
4.380000e-06	6.941616e-09	1.750865e-08	5.631636e+01	2.047154e+03
4.390000e-06	6.948906e-09	1.751345e-08	5.637550e+01	2.048052e+03
4.400000e-06	6.955900e-09	1.751910e-08	5.643224e+01	2.048898e+03
4.410000e-06	6.962554e-09	1.752512e-08	5.648622e+01	2.049693e+03
4.420000e-06	6.968860e-09	1.753219e-08	5.653739e+01	2.050440e+03
4.430000e-06	6.974886e-09	1.753913e-08	5.658627e+01	2.051141e+03
4.440000e-06	6.980643e-09	1.754393e-08	5.663298e+01	2.051799e+03
4.450000e-06	6.986068e-09	1.754430e-08	5.667699e+01	2.052415e+03
4.460000e-06	6.991152e-09	1.754401e-08	5.671824e+01	2.052992e+03
4.470000e-06	6.995910e-09	1.754697e-08	5.675684e+01	2.053533e+03
4.480000e-06	7.000357e-09	1.755145e-08	5.679292e+01	2.054041e+03
4.490000e-06	7.004561e-09	1.755327e-08	5.682703e+01	2.054517e+03
4.500000e-06	7.008563e-09	1.755187e-08	5.685950e+01	2.054965e+03
4.510000e-06	7.012399e-09	1.755231e-08	5.689062e+01	2.055384e+03
4.520000e-06	7.016049e-09	1.755517e-08	5.692023e+01	2.055779e+03
4.530000e-06	7.019441e-09	1.755746e-08	5.694775e+01	2.056149e+03
4.540000e-06	7.022487e-09	1.755794e-08	5.697246e+01	2.056496e+03
4.550000e-06	7.025069e-09	1.756064e-08	5.699341e+01	2.056820e+03
4.560000e-06	7.027151e-09	1.756766e-08	5.701030e+01	2.057122e+03
4.570000e-06	7.028752e-09	1.757475e-08	5.702329e+01	2.057402e+03
4.580000e-06	7.029850e-09	1.757558e-08	5.703220e+01	2.057660e+03
4.590000e-06	7.030515e-09	1.757136e-08	5.703759e+01	2.057893e+03
4.600000e-06	7.030873e-09	1.756957e-08	5.704050e+01	2.058103e+03
4.610000e-06	7.030992e-09	1.757490e-08	5.704147e+01	2.058286e+03
4.620000e-06	7.030903e-09	1.758261e-08	5.704074e+01	2.058442e+03
4.630000e-06	7.030590e-09	1.758345e-08	5.703820e+01	2.058568e+03
4.640000e-06	7.030047e-09	1.758087e-08	5.703380e+01	2.058662e+03
4.650000e-06	7.029225e-09	1.757863e-08	5.702713e+01	2.058723e+03
4.660000e-06	7.028052e-09	1.757514e-08	5.701762e+01	2.058747e+03
4.670000e-06	7.026545e-09	1.756998e-08	5.700539e+01	2.058733e+03
4.680000e-06	7.024752e-09	1.756722e-08	5.699084e+01	2.058678e+03
4.690000e-06	7.022706e-09	1.757407e-08	5.697425e+01	2.058580e+03
4.700000e-06	7.020414e-09	1.759669e-08	5.695565e+01	2.058437e+03
4.710000e-06	7.017848e-09	1.758892e-08	5.693483e+01	2.058247e+03
4.720000e-06	7.014937e-09	1.751268e-08	5.691122e+01	2.058007e+03
4.730000e-06	7.011640e-09	1.750342e-08	5.688447e+01	2.057718e+03
4.740000e-06	7.007989e-09	1.759732e-08	5.685485e+01	2.057377e+03
4.750000e-06	7.004073e-09	1.767150e-08	5.682309e+01	2.056983e+03
4.760000e-06	6.999982e-09	1.752564e-08	5.678989e+01	2.056537e+03
4.770000e-06	6.995702e-09	1.739445e-08	5.675517e+01	2.056037e+03
4.780000e-06	6.991157e-09	1.762379e-08	5.671831e+01	2.055485e+03
4.790000e-06	6.986304e-09	1.764753e-08	5.667893e+01	2.054880e+03
4.800000e-06	6.981093e-09	1.742076e-08	5.663666e+01	2.054224e+03
4.810000e-06	6.975375e-09	1.754276e-08	5.659027e+01	2.053517e+03
4.820000e-06	6.969053e-09	1.768580e-08	5.653898e+01	2.052760e+03
4.830000e-06	6.962184e-09	1.749596e-08	5.648326e+01	2.051957e+03
4.840000e-06	6.954862e-09	1.746441e-08	5.642385e+01	2.051107e+03
4.850000e-06	6.947205e-09	1.764732e-08	5.636173e+01	2.050215e+03
4.860000e-06	6.939299e-09	1.752855e-08	5.629759e+01	2.049281e+03
4.870000e-06	6.931172e-09	1.743473e-08	5.623166e+01	2.048307e+03
4.880000e-06	6.922839e-09	1.756801e-08	5.616405e+01	2.047297e+03
4.890000e-06	6.914302e-09	1.748073e-08	5.609480e+01	2.046253e+03
4.900000e-06	6.905515e-09	1.747339e-08	5.602351e+01	2.045176e+03
4.910000e-06	6.896423e-09	1.755931e-08	5.594975e+01	2.044069e+03
4.920000e-06	6.887017e-09	1.741139e-08	5.587344e+01	2.042934e+03
4.930000e-06	6.877325e-09	1.741386e-08	5.579481e+01	2.041773e+03
4.940000e-06	6.867360e-09	1.749470e-08	5.571397e+01	2.040587e+03
4.950000e-06	6.857125e-09	1.737294e-08	5.563093e+01	2.039378e+03
4.960000e-06	6.846613e-09	1.738376e-08	5.554565e+01	2.038147e+03
4.970000e-06	6.835777e-09	1.743349e-08	5.545775e+01	2.036895e+03
4.980000e-06	6.824622e-09	1.733993e-08	5.536724e+01	2.035623e+03
4.990000e-06	6.813167e-09	1.740366e-08	5.527431e+01	2.034331e+03
5.000000e-06	6.801401e-09	1.739817e-08	5.517886e+01	2.033019e+03
5.010000e-06	6.789322e-09	1.729121e-08	5.508086e+01	2.031687e+03
5.020000e-06	6.776909e-09	1.734651e-08	5.498016e+01	2.030334e+03
5.030000e-06	6.764099e-09	1.733227e-08	5.487624e+01	2.028962e+03
5.040000e-06	6.750821e-09	1.729155e-08	5.476851e+01	2.027567e+03
5.050000e-06	6.737017e-09	1.729993e-08	5.465653e+01	2.026150e+03
5.060000e-06	6.722665e-09	1.726557e-08	5.454009e+01	2.024710e+03
5.070000e-06	6.707793e-09	1.727355e-08	5.441944e+01	2.023245e+03
5.080000e-06	6.692485e-09	1.726694e-08	5.429525e+01	2.021755e+03
5.090000e-06	6.676839e-09	1.722552e-08	5.416832e+01	2.020237e+03
5.100000e-06	6.660921e-09	1.721483e-08	5.403917e+01	2.018691e+03
5.110000e-06	6.644778e-09	1.719575e-08	5.390821e+01	2.017116e+03
5.120000e-06	6.628410e-09	1.719282e-08	5.377542e+01	2.015509e+03
5.130000e-06	6.611752e-09	1.717967e-08	5.364027e+01	2.013871e+03
5.140000e-06	6.594778e-09	1.713797e-08	5.350257e+01	2.012200e+03
5.150000e-06	6.577511e-09	1.713752e-08	5.336249e+01	2.010495e+03
5.160000e-06	6.559930e-09	1.711869e-08	5.321985e+01	2.008756e+03
5.170000e-06	6.542045e-09	1.710121e-08	5.307476e+01	2.006980e+03
5.180000e-06	6.523897e-09	1.708307e-08	5.292753e+01	2.005169e+03
5.190000e-06	6.505488e-09	1.704725e-08	5.277818e+01	2.003321e+03
5.200000e-06	6.486813e-09	1.706171e-08	5.262667e+01	2.001436e+03
5.210000e-06	6.467869e-09	1.704383e-08	5.247298e+01	1.999514e+03
5.220000e-06	6.448661e-09	1.701718e-08	5.231715e+01	1.997555e+03
5.230000e-06	6.429197e-09	1.700450e-08	5.215924e+01	1.995557e+03
5.240000e-06	6.409501e-09	1.698010e-08	5.199945e+01	1.993523e+03
5.250000e-06	6.389609e-09	1.697373e-08	5.183807e+01	1.991450e+03
5.260000e-06	6.369558e-09	1.694254e-08	5.167539e+01	1.989340e+03
5.270000e-06	6.349364e-09	1.691741e-08	5.151156e+01	1.987191e+03
5.280000e-06	6.328951e-09	1.689858e-08	5.134595e+01	1.985006e+03
5.290000e-06	6.308256e-09	1.687691e-08	5.117806e+01	1.982782e+03
5.300000e-06	6.287237e-09	1.686570e-08	5.100754e+01	1.980520e+03
5.310000e-06	6.265825e-09	1.684123e-08	5.083383e+01	1.978220e+03
5.320000e-06	6.243950e-09	1.682601e-08	5.065637e+01	1.975882e+03
5.330000e-06	6.221591e-09	1.681056e-08	5.047497e+01	1.973505e+03
5.340000e-06	6.198791e-09	1.679159e-08	5.029000e+01	1.971088e+03
5.350000e-06	6.175593e-09	1.677170e-08	5.010180e+01	1.968632e+03
5.360000e-06	6.152052e-09	1.674526e-08	4.991081e+01	1.966135e+03
5.370000e-06	6.128261e-09	1.672685e-08	4.971780e+01	1.963597e+03
5.380000e-06	6.104279e-09	1.670572e-08	4.952323e+01	1.961018e+03
5.390000e-06	6.080065e-09	1.668236e-08	4.932679e+01	1.958395e+03
5.400000e-06	6.055631e-09	1.666079e-08	4.912856e+01	1.955729e+03
5.410000e-06	6.030962e-09	1.664017e-08	4.892842e+01	1.953019e+03
5.420000e-06	6.006050e-09	1.662210e-08	4.872632e+01	1.950263e+03
5.430000e-06	5.980864e-09	1.660017e-08	4.852199e+01	1.947461e+03
5.440000e-06	5.955344e-09	1.657823e-08	4.831495e+01	1.944612e+03
5.450000e-06	5.929544e-09	1.655479e-08	4.810564e+01	1.941716e+03
5.460000e-06	5.903455e-09	1.653074e-08	4.789398e+01	1.938770e+03
5.470000e-06	5.877068e-09	1.650655e-08	4.767991e+01	1.935776e+03
5.480000e-06	5.850408e-09	1.648012e-08	4.746362e+01	1.932732e+03
5.490000e-06	5.823474e-09	1.645772e-08	4.724511e+01	1.929638e+03
5.500000e-06	5.796270e-09	1.643438e-08	4.702441e+01	1.926494e+03
5.510000e-06	5.768820e-09	1.641210e-08	4.680171e+01	1.923299e+03
5.520000e-06	5.741146e-09	1.638794e-08	4.657720e+01	1.920055e+03
5.530000e-06	5.713277e-09	1.636028e-08	4.635109e+01	1.916759e+03
5.540000e-06	5.685237e-09	1.633319e-08	4.612361e+01	1.913414e+03
5.550000e-06	5.657032e-09	1.630433e-08	4.589479e+01	1.910020e+03
5.560000e-06	5.628642e-09	1.627985e-08	4.566447e+01	1.906576e+03
5.570000e-06	5.600033e-09	1.625553e-08	4.543236e+01	1.903084e+03
5.580000e-06	5.571208e-09	1.622980e-08	4.519852e+01	1.899544e+03
5.590000e-06	5.542093e-09	1.619887e-08	4.496230e+01	1.895957e+03
5.600000e-06	5.512598e-09	1.616600e-08	4.472302e+01	1.892324e+03
5.610000e-06	5.482741e-09	1.613628e-08	4.448080e+01	1.888645e+03
5.620000e-06	5.452531e-09	1.610250e-08	4.423571e+01	1.884920e+03
5.630000e-06	5.421956e-09	1.607048e-08	4.398766e+01	1.881152e+03
5.640000e-06	5.391042e-09	1.603826e-08	4.373686e+01	1.877339e+03
5.650000e-06	5.359858e-09	1.600746e-08	4.348387e+01	1.873483e+03
5.660000e-06	5.328407e-09	1.597656e-08	4.322872e+01	1.869583e+03
5.670000e-06	5.296700e-09	1.594262e-08	4.297148e+01	1.865641e+03
5.680000e-06	5.264765e-09	1.590788e-08	4.271240e+01	1.861656e+03
5.690000e-06	5.232609e-09	1.587195e-08	4.245152e+01	1.857627e+03
5.700000e-06	5.200239e-09	1.583902e-08	4.218890e+01	1.853554e+03
5.710000e-06	5.167664e-09	1.580374e-08	4.192463e+01	1.849438e+03
5.720000e-06	5.134903e-09	1.576643e-08	4.165885e+01	1.845277e+03
5.730000e-06	5.101920e-09	1.572552e-08	4.139126e+01	1.841069e+03
5.740000e-06	5.068691e-09	1.568246e-08	4.112167e+01	1.836816e+03
5.750000e-06	5.035235e-09	1.564091e-08	4.085025e+01	1.832514e+03
5.760000e-06	5.001556e-09	1.560012e-08	4.057702e+01	1.828162e+03
5.770000e-06	4.967639e-09	1.556349e-08	4.030185e+01	1.823760e+03
5.780000e-06	4.933481e-09	1.552618e-08	4.002474e+01	1.819306e+03
5.790000e-06	4.899088e-09	1.548748e-08	3.974572e+01	1.814798e+03
5.800000e-06	4.864425e-09	1.544820e-08	3.946450e+01	1.810235e+03
5.810000e-06	4.829515e-09	1.540849e-08	3.918127e+01	1.805615e+03
5.820000e-06	4.794402e-09	1.536641e-08	3.889641e+01	1.800937e+03
5.830000e-06	4.759097e-09	1.532239e-08	3.860999e+01	1.796199e+03
5.840000e-06	4.723617e-09	1.528071e-08	3.832214e+01	1.791399e+03
5.850000e-06	4.687962e-09	1.523842e-08	3.803288e+01	1.786537e+03
5.860000e-06	4.652147e-09	1.519562e-08	3.774232e+01	1.781612e+03
5.870000e-06	4.616184e-09	1.515190e-08	3.745056e+01	1.776621e+03
5.880000e-06	4.580073e-09	1.510743e-08	3.715759e+01	1.771566e+03
5.890000e-06	4.543809e-09	1.506245e-08	3.686338e+01	1.766444e+03
5.900000e-06	4.507367e-09	1.501771e-08	3.656774e+01	1.761255e+03
5.910000e-06	4.470737e-09	1.497385e-08	3.627056e+01	1.755999e+03
5.920000e-06	4.433914e-09	1.492932e-08	3.597183e+01	1.750676e+03
5.930000e-06	4.396872e-09	1.488450e-08	3.567131e+01	1.745285e+03
5.940000e-06	4.359563e-09	1.483899e-08	3.536863e+01	1.739826e+03
5.950000e-06	4.321970e-09	1.479320e-08	3.506364e+01	1.734300e+03
5.960000e-06	4.284093e-09	1.474602e-08	3.475635e+01	1.728706e+03
5.970000e-06	4.245936e-09	1.469784e-08	3.444680e+01	1.723045e+03
5.980000e-06	4.207486e-09	1.465205e-08	3.413486e+01	1.717316e+03
5.990000e-06	4.168758e-09	1.460988e-08	3.382066e+01	1.711520e+03
6.000000e-06	4.129831e-09	1.456680e-08	3.350485e+01	1.705656e+03
6.010000e-06	4.090671e-09	1.451988e-08	3.318715e+01	1.699725e+03
6.020000e-06	4.051274e-09	1.447013e-08	3.286753e+01	1.693726e+03
6.030000e-06	4.011692e-09	1.441827e-08	3.254641e+01	1.687658e+03
6.040000e-06	3.971916e-09	1.436745e-08	3.222371e+01	1.681521e+03
6.050000e-06	3.931941e-09	1.431751e-08	3.189940e+01	1.675313e+03
6.060000e-06	3.891815e-09	1.426689e-08	3.157386e+01	1.669035e+03
6.070000e-06	3.851545e-09	1.421672e-08	3.124716e+01	1.662683e+03
6.080000e-06	3.811112e-09	1.416847e-08	3.091913e+01	1.656257e+03
6.090000e-06	3.770565e-09	1.412067e-08	3.059017e+01	1.649755e+03
6.100000e-06	3.729926e-09	1.406865e-08	3.026048e+01	1.643173e+03
6.110000e-06	3.689125e-09	1.401258e-08	2.992946e+01	1.636511e+03
6.120000e-06	3.648112e-09	1.395518e-08	2.959673e+01	1.629766e+03
6.130000e-06	3.606927e-09	1.389831e-08	2.926260e+01	1.622934e+03
6.140000e-06	3.565586e-09	1.384063e-08	2.892721e+01	1.616013e+03
6.150000e-06	3.524090e-09	1.378161e-08	2.859056e+01	1.609000e+03
6.160000e-06	3.482442e-09	1.372406e-08	2.825267e+01	1.601892e+03
6.170000e-06	3.440636e-09	1.366743e-08	2.791351e+01	1.594685e+03
6.180000e-06	3.398678e-09	1.360853e-08	2.757311e+01	1.587378e+03
6.190000e-06	3.356578e-09	1.354542e-08	2.723156e+01	1.579966e+03
6.200000e-06	3.314331e-09	1.347972e-08	2.688882e+01	1.572448e+03
6.210000e-06	3.271927e-09	1.341364e-08	2.654480e+01	1.564820e+03
6.220000e-06	3.229384e-09	1.335091e-08	2.619965e+01	1.557080e+03
6.230000e-06	3.186695e-09	1.328845e-08	2.585332e+01	1.549227e+03
6.240000e-06	3.143869e-09	1.322349e-08	2.550588e+01	1.541258e+03
6.250000e-06	3.100939e-09	1.315766e-08	2.515760e+01	1.533171e+03
6.260000e-06	3.057926e-09	1.309020e-08	2.480864e+01	1.524966e+03
6.270000e-06	3.014806e-09	1.302017e-08	2.445881e+01	1.516642e+03
6.280000e-06	2.971549e-09	1.294727e-08	2.410787e+01	1.508197e+03
6.290000e-06	2.928195e-09	1.287422e-08	2.375615e+01	1.499632e+03
6.300000e-06	2.884738e-09	1.280063e-08	2.340359e+01	1.490947e+03
6.310000e-06	2.841179e-09	1.272559e-08	2.305020e+01	1.482142e+03
6.320000e-06	2.797527e-09	1.264814e-08	2.269605e+01	1.473218e+03
6.330000e-06	2.753784e-09	1.257086e-08	2.234118e+01	1.464174e+03
6.340000e-06	2.709962e-09	1.249443e-08	2.198565e+01	1.455013e+03
6.350000e-06	2.666053e-09	1.241256e-08	2.162943e+01	1.445734e+03
6.360000e-06	2.622053e-09	1.232830e-08	2.127246e+01	1.436340e+03
6.370000e-06	2.577943e-09	1.224483e-08	2.091459e+01	1.426830e+03
6.380000e-06	2.533719e-09	1.216302e-08	2.055581e+01	1.417205e+03
6.390000e-06	2.489401e-09	1.207912e-08	2.019627e+01	1.407466e+03
6.400000e-06	2.444989e-09	1.199031e-08	1.983596e+01	1.397613e+03
6.410000e-06	2.400464e-09	1.190243e-08	1.947473e+01	1.387647e+03
6.420000e-06	2.355862e-09	1.181548e-08	1.911288e+01	1.377567e+03
6.430000e-06	2.311166e-09	1.172883e-08	1.875027e+01	1.367372e+03
6.440000e-06	2.266349e-09	1.163682e-08	1.838668e+01	1.357061e+03
6.450000e-06	2.221444e-09	1.154187e-08	1.802237e+01	1.346632e+03
6.460000e-06	2.176435e-09	1.144851e-08	1.765722e+01	1.336084e+03
6.470000e-06	2.131327e-09	1.135831e-08	1.729126e+01	1.325414e+03
6.480000e-06	2.086135e-09	1.126910e-08	1.692462e+01	1.314619e+03
6.490000e-06	2.040813e-09	1.117244e-08	1.655694e+01	1.303695e+03
6.500000e-06	1.995388e-09	1.107336e-08	1.618841e+01	1.292638e+03
6.510000e-06	1.949900e-09	1.097534e-08	1.581937e+01	1.281445e+03
6.520000e-06	1.904310e-09	1.087861e-08	1.544951e+01	1.270110e+03
6.530000e-06	1.858612e-09	1.077791e-08	1.507877e+01	1.258628e+03
6.540000e-06	1.812817e-09	1.067177e-08	1.470724e+01	1.246994e+03
6.550000e-06	1.766966e-09	1.056842e-08	1.433526e+01	1.235203e+03
6.560000e-06	1.721079e-09	1.046894e-08	1.396298e+01	1.223250e+03
6.570000e-06	1.675126e-09	1.037053e-08	1.359017e+01	1.211128e+03
6.580000e-06	1.629104e-09	1.026757e-08	1.321681e+01	1.198833e+03
6.590000e-06	1.583028e-09	1.016066e-08	1.284299e+01	1.186360e+03
6.600000e-06	1.536907e-09	1.005303e-08	1.246883e+01	1.173703e+03
6.610000e-06	1.490731e-09	9.944936e-09	1.209420e+01	1.160858e+03
6.620000e-06	1.444498e-09	9.835849e-09	1.171912e+01	1.147821e+03
6.630000e-06	1.398215e-09	9.723572e-09	1.134364e+01	1.134589e+03
6.640000e-06	1.351855e-09	9.610785e-09	1.096752e+01	1.121158e+03
6.650000e-06	1.305432e-09	9.498451e-09	1.059090e+01	1.107525e+03
6.660000e-06	1.258973e-09	9.385329e-09	1.021398e+01	1.093689e+03
6.670000e-06	1.212487e-09	9.268002e-09	9.836845e+00	1.079647e+03
6.680000e-06	1.165939e-09	9.146488e-09	9.459214e+00	1.065400e+03
6.690000e-06	1.119336e-09	9.024016e-09	9.081130e+00	1.050945e+03
6.700000e-06	1.072697e-09	8.900395e-09	8.702752e+00	1.036284e+03
6.710000e-06	1.025994e-09	8.776333e-09	8.323860e+00	1.021415e+03
6.720000e-06	9.792618e-10	8.651266e-09	7.944725e+00	1.006341e+03
6.730000e-06	9.325044e-10	8.526809e-09	7.565388e+00	9.910606e+02
6.740000e-06	8.856797e-10	8.401421e-09	7.185506e+00	9.755755e+02
6.750000e-06	8.388110e-10	8.272282e-09	6.805267e+00	9.598861e+02
6.760000e-06	7.918995e-10	8.139880e-09	6.424680e+00	9.439929e+02
6.770000e-06	7.449101e-10	8.005442e-09	6.043462e+00	9.278959e+02
6.780000e-06	6.978957e-10	7.869471e-09	5.662041e+00	9.115949e+02
6.790000e-06	6.508635e-10	7.728933e-09	5.280475e+00	8.950887e+02
6.800000e-06	6.038004e-10	7.584557e-09	4.898659e+00	8.783757e+02
6.810000e-06	5.567307e-10	7.437902e-09	4.516789e+00	8.614532e+02
6.820000e-06	5.095886e-10	7.289462e-09	4.134332e+00	8.443176e+02
6.830000e-06	4.624075e-10	7.140085e-09	3.751558e+00	8.269641e+02
6.840000e-06	4.152415e-10	6.989638e-09	3.368906e+00	8.093869e+02
6.850000e-06	3.680529e-10	6.837576e-09	2.986071e+00	7.915788e+02
6.860000e-06	3.208190e-10	6.682578e-09	2.602870e+00	7.735313e+02
6.870000e-06	2.735841e-10	6.524914e-09	2.219660e+00	7.552348e+02
6.880000e-06	2.263653e-10	6.365272e-09	1.836579e+00	7.366782e+02
6.890000e-06	1.791392e-10	6.204096e-09	1.453440e+00	7.178493e+02
6.900000e-06	1.319336e-10	6.040551e-09	1.070467e+00	6.987346e+02
6.910000e-06	8.472174e-11	5.873438e-09	6.874440e-01	6.793197e+02
6.920000e-06	3.750769e-11	5.703818e-09	3.044033e-01	6.595892e+02
6.930000e-06	-9.687075e-12	5.532670e-09	-7.848078e-02	6.395269e+02
6.940000e-06	-5.687085e-11	5.358032e-09	-4.612759e-01	6.191161e+02
6.950000e-06	-1.040367e-10	5.177553e-09	-8.439268e-01	5.983397e+02
6.960000e-06	-1.511851e-10	4.992027e-09	-1.226437e+00	5.771805e+02
6.970000e-06	-1.983011e-10	4.804506e-09	-1.608683e+00	5.556214e+02
6.980000e-06	-2.453746e-10	4.615842e-09	-1.990584e+00	5.336457e+02
6.990000e-06	-2.924199e-10	4.423090e-09	-2.372255e+00	5.112376e+02
7.000000e-06	-3.394442e-10	4.227128e-09	-2.753757e+00	4.883821e+02
7.010000e-06	-3.864530e-10	4.028132e-09	-3.135134e+00	4.650655e+02
7.020000e-06	-4.334524e-10	3.830182e-09	-3.516434e+00	4.412757e+02
7.030000e-06	-4.804369e-10	3.629176e-09	-3.897612e+00	4.170025e+02
7.040000e-06	-5.274131e-10	3.419330e-09	-4.278725e+00	3.922378e+02
7.050000e-06	-5.743891e-10	3.204956e-09	-4.659835e+00	3.669761e+02
7.060000e-06	-6.213456e-10	2.982135e-09	-5.040786e+00	3.412141e+02
7.070000e-06	-6.682609e-10	2.751995e-09	-5.421404e+00	3.149519e+02
7.080000e-06	-7.151396e-10	2.514907e-09	-5.801725e+00	2.881920e+02
7.090000e-06	-7.619823e-10	2.275374e-09	-6.181754e+00	2.609407e+02
7.100000e-06	-8.088025e-10	2.038655e-09	-6.561601e+00	2.332071e+02
7.110000e-06	-8.555889e-10	1.803023e-09	-6.941174e+00	2.050038e+02
7.120000e-06	-9.023570e-10	1.566889e-09	-7.320597e+00	1.763467e+02
7.130000e-06	-9.491300e-10	1.324667e-09	-7.700061e+00	1.472551e+02
7.140000e-06	-9.958644e-10	1.075709e-09	-8.079211e+00	1.177515e+02
7.150000e-06	-1.042549e-09	8.154577e-10	-8.457957e+00	8.786176e+01
7.160000e-06	-1.089171e-09	5.442729e-10	-8.836198e+00	5.761445e+01
7.170000e-06	-1.135746e-09	2.675680e-10	-9.214050e+00	2.704114e+01
7.180000e-06	-1.182298e-09	-6.598791e-12	-9.591719e+00	-3.824028e+00
7.190000e-06	-1.228763e-09	-2.710893e-10	-9.968687e+00	-3.494461e+01
7.200000e-06	-1.275164e-09	-5.329818e-10	-1.034513e+01	-6.628210e+01
7.210000e-06	-1.321530e-09	-7.947795e-10	-1.072129e+01	-9.779631e+01
7.220000e-06	-1.367852e-09	-1.059977e-09	-1.109710e+01	-1.294457e+02
7.230000e-06	-1.414088e-09	-1.331679e-09	-1.147221e+01	-1.611876e+02
7.240000e-06	-1.460235e-09	-1.611820e-09	-1.184659e+01	-1.929790e+02
7.250000e-06	-1.506345e-09	-1.897002e-09	-1.222068e+01	-2.247764e+02
7.260000e-06	-1.552413e-09	-2.178294e-09	-1.259442e+01	-2.565364e+02
7.270000e-06	-1.598377e-09	-2.453981e-09	-1.296731e+01	-2.882164e+02
7.280000e-06	-1.644221e-09	-2.724079e-09	-1.333924e+01	-3.197745e+02
7.290000e-06	-1.689990e-09	-2.990247e-09	-1.371056e+01	-3.511700e+02
7.300000e-06	-1.735663e-09	-3.249686e-09	-1.408110e+01	-3.823639e+02
7.310000e-06	-1.781243e-09	-3.505809e-09	-1.445089e+01	-4.133191e+02
7.320000e-06	-1.826738e-09	-3.763885e-09	-1.481998e+01	-4.440004e+02
7.330000e-06	-1.872134e-09	-4.024492e-09	-1.518827e+01	-4.743753e+02
7.340000e-06	-1.917426e-09	-4.285651e-09	-1.555571e+01	-5.044139e+02
7.350000e-06	-1.962644e-09	-4.543407e-09	-1.592256e+01	-5.340887e+02
7.360000e-06	-2.007784e-09	-4.796570e-09	-1.628878e+01	-5.633756e+02
7.370000e-06	-2.052836e-09	-5.042529e-09	-1.665428e+01	-5.922531e+02
7.380000e-06	-2.097821e-09	-5.281596e-09	-1.701923e+01	-6.207030e+02
7.390000e-06	-2.142708e-09	-5.511652e-09	-1.738339e+01	-6.487099e+02
7.400000e-06	-2.187508e-09	-5.735425e-09	-1.774685e+01	-6.762616e+02
7.410000e-06	-2.232251e-09	-5.960233e-09	-1.810984e+01	-7.033487e+02
7.420000e-06	-2.276911e-09	-6.188753e-09	-1.847216e+01	-7.299647e+02
7.430000e-06	-2.321512e-09	-6.417925e-09	-1.883401e+01	-7.561056e+02
7.440000e-06	-2.366060e-09	-6.643172e-09	-1.919542e+01	-7.817700e+02
7.450000e-06	-2.410512e-09	-6.865036e-09	-1.955605e+01	-8.069589e+02
7.460000e-06	-2.454881e-09	-7.083699e-09	-1.991601e+01	-8.316751e+02
7.470000e-06	-2.499181e-09	-7.295526e-09	-2.027541e+01	-8.559235e+02
7.480000e-06	-2.543398e-09	-7.495712e-09	-2.063414e+01	-8.797105e+02
7.490000e-06	-2.587540e-09	-7.692662e-09	-2.099226e+01	-9.030437e+02
7.500000e-06	-2.631587e-09	-7.888240e-09	-2.134961e+01	-9.259320e+02
7.510000e-06	-2.675514e-09	-8.081640e-09	-2.170598e+01	-9.483849e+02
7.520000e-06	-2.719353e-09	-8.270224e-09	-2.206164e+01	-9.704127e+02
7.530000e-06	-2.763127e-09	-8.452641e-09	-2.241677e+01	-9.920258e+02
7.540000e-06	-2.806811e-09	-8.635459e-09	-2.277118e+01	-1.013235e+03
7.550000e-06	-2.850387e-09	-8.813975e-09	-2.312471e+01	-1.034051e+03
7.560000e-06	-2.893858e-09	-8.993056e-09	-2.347738e+01	-1.054483e+03
7.570000e-06	-2.937215e-09	-9.169617e-09	-2.382913e+01	-1.074543e+03
7.580000e-06	-2.980440e-09	-9.343145e-09	-2.417981e+01	-1.094238e+03
7.590000e-06	-3.023539e-09	-9.514413e-09	-2.452947e+01	-1.113579e+03
7.600000e-06	-3.066519e-09	-9.678420e-09	-2.487816e+01	-1.132572e+03
7.610000e-06	-3.109346e-09	-9.838483e-09	-2.522560e+01	-1.151225e+03
7.620000e-06	-3.152014e-09	-9.990494e-09	-2.557176e+01	-1.169544e+03
7.630000e-06	-3.194534e-09	-1.014031e-08	-2.591673e+01	-1.187535e+03
7.640000e-06	-3.236909e-09	-1.028821e-08	-2.626051e+01	-1.205202e+03
7.650000e-06	-3.279134e-09	-1.043799e-08	-2.660308e+01	-1.222550e+03
7.660000e-06	-3.321164e-09	-1.059595e-08	-2.694405e+01	-1.239582e+03
7.670000e-06	-3.363005e-09	-1.074937e-08	-2.728351e+01	-1.256300e+03
7.680000e-06	-3.404713e-09	-1.089794e-08	-2.762188e+01	-1.272707e+03
7.690000e-06	-3.446305e-09	-1.103684e-08	-2.795931e+01	-1.288805e+03
7.700000e-06	-3.487746e-09	-1.116634e-08	-2.829551e+01	-1.304596e+03
7.710000e-06	-3.529013e-09	-1.129122e-08	-2.863031e+01	-1.320080e+03
7.720000e-06	-3.570126e-09	-1.141286e-08	-2.896385e+01	-1.335259e+03
7.730000e-06	-3.611082e-09	-1.154105e-08	-2.929613e+01	-1.350135e+03
7.740000e-06	-3.651903e-09	-1.167444e-08	-2.962730e+01	-1.364709e+03
7.750000e-06	-3.692580e-09	-1.181258e-08	-2.995731e+01	-1.378983e+03
7.760000e-06	-3.733121e-09	-1.194669e-08	-3.028621e+01	-1.392961e+03
7.770000e-06	-3.773554e-09	-1.206954e-08	-3.061424e+01	-1.406643e+03
7.780000e-06	-3.813847e-09	-1.218250e-08	-3.094113e+01	-1.420035e+03
7.790000e-06	-3.853995e-09	-1.228601e-08	-3.126685e+01	-1.433139e+03
7.800000e-06	-3.894035e-09	-1.238495e-08	-3.159169e+01	-1.445961e+03
7.810000e-06	-3.933983e-09	-1.248394e-08	-3.191578e+01	-1.458505e+03
7.820000e-06	-3.973809e-09	-1.259041e-08	-3.223889e+01	-1.470777e+03
7.830000e-06	-4.013473e-09	-1.270465e-08	-3.256068e+01	-1.482783e+03
7.840000e-06	-4.052973e-09	-1.281793e-08	-3.288114e+01	-1.494531e+03
7.850000e-06	-4.092284e-09	-1.292355e-08	-3.320006e+01	-1.506027e+03
7.860000e-06	-4.131381e-09	-1.302151e-08	-3.351725e+01	-1.517279e+03
7.870000e-06	-4.170241e-09	-1.311534e-08	-3.383251e+01	-1.528296e+03
7.880000e-06	-4.208839e-09	-1.320343e-08	-3.414565e+01	-1.539085e+03
7.890000e-06	-4.247166e-09	-1.328807e-08	-3.445660e+01	-1.549656e+03
7.900000e-06	-4.285157e-09	-1.337350e-08	-3.476481e+01	-1.560017e+03
7.910000e-06	-4.322792e-09	-1.346267e-08	-3.507013e+01	-1.570176e+03
7.920000e-06	-4.360130e-09	-1.355416e-08	-3.537305e+01	-1.580141e+03
7.930000e-06	-4.397192e-09	-1.364105e-08	-3.567373e+01	-1.589922e+03
7.940000e-06	-4.434001e-09	-1.372585e-08	-3.597235e+01	-1.599526e+03
7.950000e-06	-4.470581e-09	-1.381004e-08	-3.626913e+01	-1.608960e+03
7.960000e-06	-4.506951e-09	-1.389288e-08	-3.656419e+01	-1.618231e+03
7.970000e-06	-4.543148e-09	-1.397158e-08	-3.685785e+01	-1.627347e+03
7.980000e-06	-4.579201e-09	-1.404463e-08	-3.715035e+01	-1.636311e+03
7.990000e-06	-4.615127e-09	-1.411653e-08	-3.744181e+01	-1.645131e+03
8.000000e-06	-4.650901e-09	-1.418853e-08	-3.773205e+01	-1.653810e+03
8.010000e-06	-4.686505e-09	-1.425999e-08	-3.802089e+01	-1.662353e+03
8.020000e-06	-4.721921e-09	-1.432809e-08	-3.830822e+01	-1.670762e+03
8.030000e-06	-4.757089e-09	-1.439733e-08	-3.859353e+01	-1.679040e+03
8.040000e-06	-4.792032e-09	-1.447040e-08	-3.887702e+01	-1.687190e+03
8.050000e-06	-4.826788e-09	-1.454363e-08	-3.915899e+01	-1.695211e+03
8.060000e-06	-4.861346e-09	-1.461498e-08	-3.943936e+01	-1.703107e+03
8.070000e-06	-4.895688e-09	-1.467897e-08	-3.971796e+01	-1.710876e+03
8.080000e-06	-4.929810e-09	-1.473781e-08	-3.999480e+01	-1.718519e+03
8.090000e-06	-4.963722e-09	-1.479417e-08	-4.026992e+01	-1.726035e+03
8.100000e-06	-4.997387e-09	-1.485114e-08	-4.054304e+01	-1.733425e+03
8.110000e-06	-5.030819e-09	-1.491172e-08	-4.081427e+01	-1.740687e+03
8.120000e-06	-5.064028e-09	-1.497492e-08	-4.108369e+01	-1.747821e+03
8.130000e-06	-5.097010e-09	-1.504085e-08	-4.135127e+01	-1.754826e+03
8.140000e-06	-5.129781e-09	-1.510204e-08	-4.161713e+01	-1.761702e+03
8.150000e-06	-5.162360e-09	-1.515502e-08	-4.188145e+01	-1.768447e+03
8.160000e-06	-5.194752e-09	-1.520389e-08	-4.214423e+01	-1.775063e+03
8.170000e-06	-5.226955e-09	-1.525279e-08	-4.240549e+01	-1.781549e+03
8.180000e-06	-5.258987e-09	-1.530124e-08	-4.266537e+01	-1.787905e+03
8.190000e-06	-5.290837e-09	-1.534898e-08	-4.292376e+01	-1.794132e+03
8.200000e-06	-5.322488e-09	-1.539974e-08	-4.318055e+01	-1.800232e+03
8.210000e-06	-5.353875e-09	-1.545539e-08	-4.343518e+01	-1.806206e+03
8.220000e-06	-5.384985e-09	-1.551153e-08	-4.368758e+01	-1.812055e+03
8.230000e-06	-5.415743e-09	-1.556076e-08	-4.393711e+01	-1.817784e+03
8.240000e-06	-5.446093e-09	-1.560857e-08	-4.418334e+01	-1.823393e+03
8.250000e-06	-5.476066e-09	-1.565742e-08	-4.442651e+01	-1.828886e+03
8.260000e-06	-5.505654e-09	-1.570260e-08	-4.466654e+01	-1.834266e+03
8.270000e-06	-5.534850e-09	-1.574184e-08	-4.490341e+01	-1.839538e+03
8.280000e-06	-5.563688e-09	-1.577681e-08	-4.513737e+01	-1.844704e+03
8.290000e-06	-5.592259e-09	-1.581763e-08	-4.536916e+01	-1.849769e+03
8.300000e-06	-5.620607e-09	-1.586412e-08	-4.559915e+01	-1.854736e+03
8.310000e-06	-5.648753e-09	-1.591326e-08	-4.582749e+01	-1.859609e+03
8.320000e-06	-5.676729e-09	-1.596150e-08	-4.605446e+01	-1.864393e+03
8.330000e-06	-5.704527e-09	-1.601006e-08	-4.627998e+01	-1.869091e+03
8.340000e-06	-5.732130e-09	-1.605916e-08	-4.650392e+01	-1.873706e+03
8.350000e-06	-5.759516e-09	-1.610021e-08	-4.672610e+01	-1.878242e+03
8.360000e-06	-5.786673e-09	-1.613466e-08	-4.694642e+01	-1.882702e+03
8.370000e-06	-5.813555e-09	-1.616503e-08	-4.716451e+01	-1.887089e+03
8.380000e-06	-5.840120e-09	-1.619679e-08	-4.738003e+01	-1.891405e+03
8.390000e-06	-5.866429e-09	-1.623332e-08	-4.759347e+01	-1.895652e+03
8.400000e-06	-5.892491e-09	-1.627396e-08	-4.780491e+01	-1.899831e+03
8.410000e-06	-5.918274e-09	-1.631681e-08	-4.801409e+01	-1.903945e+03
8.420000e-06	-5.943778e-09	-1.635686e-08	-4.822100e+01	-1.907994e+03
8.430000e-06	-5.969014e-09	-1.639611e-08	-4.842573e+01	-1.911978e+03
8.440000e-06	-5.993959e-09	-1.643466e-08	-4.862811e+01	-1.915898e+03
8.450000e-06	-6.018636e-09	-1.647109e-08	-4.882831e+01	-1.919754e+03
8.460000e-06	-6.043120e-09	-1.650555e-08	-4.902695e+01	-1.923545e+03
8.470000e-06	-6.067408e-09	-1.653677e-08	-4.922399e+01	-1.927272e+03
8.480000e-06	-6.091526e-09	-1.656602e-08	-4.941966e+01	-1.930933e+03
8.490000e-06	-6.115487e-09	-1.659470e-08	-4.961406e+01	-1.934527e+03
8.500000e-06	-6.139247e-09	-1.662563e-08	-4.980681e+01	-1.938054e+03
8.510000e-06	-6.162772e-09	-1.665873e-08	-4.999767e+01	-1.941514e+03
8.520000e-06	-6.186004e-09	-1.669182e-08	-5.018615e+01	-1.944905e+03
8.530000e-06	-6.208863e-09	-1.672306e-08	-5.037160e+01	-1.948227e+03
8.540000e-06	-6.231291e-09	-1.675321e-08	-5.055356e+01	-1.951479e+03
8.550000e-06	-6.253248e-09	-1.678288e-08	-5.073170e+01	-1.954661e+03
8.560000e-06	-6.274750e-09	-1.680807e-08	-5.090614e+01	-1.957774e+03
8.570000e-06	-6.295831e-09	-1.683105e-08	-5.107716e+01	-1.960817e+03
8.580000e-06	-6.316530e-09	-1.685577e-08	-5.124509e+01	-1.963792e+03
8.590000e-06	-6.336948e-09	-1.688098e-08	-5.141074e+01	-1.966698e+03
8.600000e-06	-6.357146e-09	-1.690410e-08	-5.157461e+01	-1.969538e+03
8.610000e-06	-6.377158e-09	-1.692645e-08	-5.173696e+01	-1.972311e+03
8.620000e-06	-6.396999e-09	-1.695141e-08	-5.189793e+01	-1.975022e+03
8.630000e-06	-6.416620e-09	-1.697783e-08	-5.205711e+01	-1.977670e+03
8.640000e-06	-6.435962e-09	-1.700188e-08	-5.221403e+01	-1.980258e+03
8.650000e-06	-6.454991e-09	-1.702357e-08	-5.236841e+01	-1.982789e+03
8.660000e-06	-6.473703e-09	-1.704483e-08	-5.252022e+01	-1.985265e+03
8.670000e-06	-6.492138e-09	-1.706507e-08	-5.266978e+01	-1.987689e+03
8.680000e-06	-6.510328e-09	-1.708398e-08	-5.281736e+01	-1.990063e+03
8.690000e-06	-6.528287e-09	-1.710244e-08	-5.296306e+01	-1.992389e+03
8.700000e-06	-6.545983e-09	-1.712235e-08	-5.310662e+01	-1.994671e+03
8.710000e-06	-6.563359e-09	-1.714351e-08	-5.324759e+01	-1.996910e+03
8.720000e-06	-6.580408e-09	-1.716343e-08	-5.338591e+01	-1.999108e+03
8.730000e-06	-6.597141e-09	-1.718080e-08	-5.352166e+01	-2.001269e+03
8.740000e-06	-6.613579e-09	-1.719605e-08	-5.365502e+01	-2.003392e+03
8.750000e-06	-6.629821e-09	-1.721130e-08	-5.378679e+01	-2.005481e+03
8.760000e-06	-6.645905e-09	-1.722609e-08	-5.391727e+01	-2.007535e+03
8.770000e-06	-6.661793e-09	-1.724160e-08	-5.404618e+01	-2.009555e+03
8.780000e-06	-6.677431e-09	-1.726036e-08	-5.417304e+01	-2.011543e+03
8.790000e-06	-6.692709e-09	-1.728035e-08	-5.429699e+01	-2.013498e+03
8.800000e-06	-6.707546e-09	-1.729881e-08	-5.441736e+01	-2.015419e+03
8.810000e-06	-6.721879e-09	-1.731551e-08	-5.453365e+01	-2.017307e+03
8.820000e-06	-6.735654e-09	-1.733179e-08	-5.464540e+01	-2.019160e+03
8.830000e-06	-6.748891e-09	-1.734663e-08	-5.475279e+01	-2.020976e+03
8.840000e-06	-6.761718e-09	-1.735842e-08	-5.485686e+01	-2.022756e+03
8.850000e-06	-6.774239e-09	-1.736970e-08	-5.495844e+01	-2.024495e+03
8.860000e-06	-6.786486e-09	-1.738270e-08	-5.505779e+01	-2.026194e+03
8.870000e-06	-6.798455e-09	-1.739665e-08	-5.515490e+01	-2.027850e+03
8.880000e-06	-6.810151e-09	-1.740993e-08	-5.524979e+01	-2.029461e+03
8.890000e-06	-6.821554e-09	-1.742149e-08	-5.534230e+01	-2.031025e+03
8.900000e-06	-6.832574e-09	-1.743328e-08	-5.543171e+01	-2.032539e+03
8.910000e-06	-6.843243e-09	-1.744759e-08	-5.551827e+01	-2.034003e+03
8.920000e-06	-6.853631e-09	-1.746444e-08	-5.560254e+01	-2.035415e+03
8.930000e-06	-6.863743e-09	-1.748306e-08	-5.568457e+01	-2.036773e+03
8.940000e-06	-6.873586e-09	-1.750098e-08	-5.576443e+01	-2.038076e+03
8.950000e-06	-6.883120e-09	-1.751668e-08	-5.584178e+01	-2.039323e+03
8.960000e-06	-6.892312e-09	-1.752969e-08	-5.591635e+01	-2.040513e+03
8.970000e-06	-6.901182e-09	-1.753720e-08	-5.598831e+01	-2.041647e+03
8.980000e-06	-6.909733e-09	-1.754129e-08	-5.605769e+01	-2.042724e+03
8.990000e-06	-6.918033e-09	-1.754829e-08	-5.612502e+01	-2.043746e+03
9.000000e-06	-6.926143e-09	-1.756242e-08	-5.619082e+01	-2.044711e+03
9.010000e-06	-6.934063e-09	-1.758153e-08	-5.625507e+01	-2.045623e+03
9.020000e-06	-6.941785e-09	-1.759853e-08	-5.631772e+01	-2.046482e+03
9.030000e-06	-6.949214e-09	-1.760906e-08	-5.637800e+01	-2.047290e+03
9.040000e-06	-6.956262e-09	-1.761466e-08	-5.643517e+01	-2.048049e+03
9.050000e-06	-6.962854e-09	-1.761856e-08	-5.648865e+01	-2.048761e+03
9.060000e-06	-6.968952e-09	-1.762159e-08	-5.653813e+01	-2.049430e+03
9.070000e-06	-6.974531e-09	-1.762597e-08	-5.658339e+01	-2.050056e+03
9.080000e-06	-6.979613e-09	-1.763438e-08	-5.662462e+01	-2.050643e+03
9.090000e-06	-6.984323e-09	-1.764661e-08	-5.666284e+01	-2.051193e+03
9.100000e-06	-6.988735e-09	-1.765869e-08	-5.669863e+01	-2.051709e+03
9.110000e-06	-6.992912e-09	-1.766651e-08	-5.673251e+01	-2.052193e+03
9.120000e-06	-6.996915e-09	-1.766872e-08	-5.676499e+01	-2.052647e+03
9.130000e-06	-7.000733e-09	-1.766895e-08	-5.679597e+01	-2.053074e+03
9.140000e-06	-7.004307e-09	-1.767302e-08	-5.682497e+01	-2.053474e+03
9.150000e-06	-7.007578e-09	-1.767813e-08	-5.685150e+01	-2.053850e+03
9.160000e-06	-7.010514e-09	-1.768297e-08	-5.687532e+01	-2.054203e+03
9.170000e-06	-7.013134e-09	-1.768614e-08	-5.689658e+01	-2.054533e+03
9.180000e-06	-7.015487e-09	-1.768474e-08	-5.691567e+01	-2.054840e+03
9.190000e-06	-7.017591e-09	-1.768228e-08	-5.693274e+01	-2.055126e+03
9.200000e-06	-7.019463e-09	-1.768065e-08	-5.694793e+01	-2.055389e+03
9.210000e-06	-7.020962e-09	-1.768139e-08	-5.696009e+01	-2.055628e+03
9.220000e-06	-7.022023e-09	-1.768438e-08	-5.696869e+01	-2.055844e+03
9.230000e-06	-7.022803e-09	-1.768653e-08	-5.697502e+01	-2.056034e+03
9.240000e-06	-7.023362e-09	-1.768657e-08	-5.697956e+01	-2.056196e+03
