# Temperatura_=_20.0
# Concentracion g/m^3_=_18000.0
# C_Vs_to_Am_M_A/Vsm_=_116720831517.84952
# pendiente_HvsI_1/m_=_3716.3
# ordenada_HvsI_A/m_=_1297.0
# frecuencia_Hz_=_108159.77674237931
# Promedio de 24 ciclos

Tiempo_(s)	Campo_(V.s)	Magnetizacion_(V.s)	Campo_(kA/m)	Magnetizacion_(A/m)
0.000000e+00	-7.037613e-09	-1.727708e-08	-5.698540e+01	-2.016636e+03
1.000000e-08	-7.037822e-09	-1.727650e-08	-5.698709e+01	-2.016606e+03
2.000000e-08	-7.037870e-09	-1.727349e-08	-5.698748e+01	-2.016503e+03
3.000000e-08	-7.037676e-09	-1.726931e-08	-5.698591e+01	-2.016326e+03
4.000000e-08	-7.037206e-09	-1.727013e-08	-5.698211e+01	-2.016072e+03
5.000000e-08	-7.036382e-09	-1.727413e-08	-5.697543e+01	-2.015739e+03
6.000000e-08	-7.035083e-09	-1.727585e-08	-5.696491e+01	-2.015326e+03
7.000000e-08	-7.033299e-09	-1.727385e-08	-5.695047e+01	-2.014832e+03
8.000000e-08	-7.031011e-09	-1.727492e-08	-5.693194e+01	-2.014258e+03
9.000000e-08	-7.028202e-09	-1.728389e-08	-5.690919e+01	-2.013604e+03
1.000000e-07	-7.024938e-09	-1.728302e-08	-5.688277e+01	-2.012873e+03
1.100000e-07	-7.021322e-09	-1.729485e-08	-5.685348e+01	-2.012067e+03
1.200000e-07	-7.017479e-09	-1.731417e-08	-5.682236e+01	-2.011189e+03
1.300000e-07	-7.013492e-09	-1.732139e-08	-5.679008e+01	-2.010244e+03
1.400000e-07	-7.009316e-09	-1.725711e-08	-5.675627e+01	-2.009236e+03
1.500000e-07	-7.004847e-09	-1.714915e-08	-5.672008e+01	-2.008170e+03
1.600000e-07	-7.000030e-09	-1.724979e-08	-5.668108e+01	-2.007052e+03
1.700000e-07	-6.994873e-09	-1.733707e-08	-5.663932e+01	-2.005887e+03
1.800000e-07	-6.989386e-09	-1.718638e-08	-5.659489e+01	-2.004683e+03
1.900000e-07	-6.983584e-09	-1.720615e-08	-5.654790e+01	-2.003446e+03
2.000000e-07	-6.977477e-09	-1.733312e-08	-5.649845e+01	-2.002181e+03
2.100000e-07	-6.971050e-09	-1.721910e-08	-5.644642e+01	-2.000897e+03
2.200000e-07	-6.964268e-09	-1.713884e-08	-5.639150e+01	-1.999598e+03
2.300000e-07	-6.957114e-09	-1.725885e-08	-5.633357e+01	-1.998292e+03
2.400000e-07	-6.949646e-09	-1.721296e-08	-5.627310e+01	-1.996983e+03
2.500000e-07	-6.941965e-09	-1.713585e-08	-5.621091e+01	-1.995677e+03
2.600000e-07	-6.934108e-09	-1.723827e-08	-5.614729e+01	-1.994379e+03
2.700000e-07	-6.926056e-09	-1.719754e-08	-5.608208e+01	-1.993092e+03
2.800000e-07	-6.917766e-09	-1.715101e-08	-5.601496e+01	-1.991819e+03
2.900000e-07	-6.909182e-09	-1.720473e-08	-5.594545e+01	-1.990563e+03
3.000000e-07	-6.900198e-09	-1.715235e-08	-5.587270e+01	-1.989326e+03
3.100000e-07	-6.890727e-09	-1.710372e-08	-5.579601e+01	-1.988108e+03
3.200000e-07	-6.880732e-09	-1.713424e-08	-5.571508e+01	-1.986909e+03
3.300000e-07	-6.870227e-09	-1.712907e-08	-5.563002e+01	-1.985729e+03
3.400000e-07	-6.859296e-09	-1.711805e-08	-5.554151e+01	-1.984565e+03
3.500000e-07	-6.848010e-09	-1.713358e-08	-5.545012e+01	-1.983415e+03
3.600000e-07	-6.836433e-09	-1.710036e-08	-5.535638e+01	-1.982276e+03
3.700000e-07	-6.824562e-09	-1.709687e-08	-5.526026e+01	-1.981145e+03
3.800000e-07	-6.812389e-09	-1.710258e-08	-5.516169e+01	-1.980016e+03
3.900000e-07	-6.799918e-09	-1.706557e-08	-5.506071e+01	-1.978887e+03
4.000000e-07	-6.787122e-09	-1.705208e-08	-5.495709e+01	-1.977750e+03
4.100000e-07	-6.773944e-09	-1.706165e-08	-5.485039e+01	-1.976602e+03
4.200000e-07	-6.760404e-09	-1.706379e-08	-5.474075e+01	-1.975437e+03
4.300000e-07	-6.746545e-09	-1.703894e-08	-5.462853e+01	-1.974248e+03
4.400000e-07	-6.732327e-09	-1.702705e-08	-5.451340e+01	-1.973032e+03
4.500000e-07	-6.717654e-09	-1.701038e-08	-5.439459e+01	-1.971783e+03
4.600000e-07	-6.702506e-09	-1.699346e-08	-5.427193e+01	-1.970496e+03
4.700000e-07	-6.686888e-09	-1.698628e-08	-5.414547e+01	-1.969166e+03
4.800000e-07	-6.670826e-09	-1.695893e-08	-5.401542e+01	-1.967790e+03
4.900000e-07	-6.654405e-09	-1.694868e-08	-5.388245e+01	-1.966364e+03
5.000000e-07	-6.637625e-09	-1.695062e-08	-5.374658e+01	-1.964886e+03
5.100000e-07	-6.620565e-09	-1.694095e-08	-5.360845e+01	-1.963351e+03
5.200000e-07	-6.603305e-09	-1.691349e-08	-5.346869e+01	-1.961760e+03
5.300000e-07	-6.585781e-09	-1.689187e-08	-5.332679e+01	-1.960111e+03
5.400000e-07	-6.567956e-09	-1.688159e-08	-5.318245e+01	-1.958402e+03
5.500000e-07	-6.549823e-09	-1.687260e-08	-5.303562e+01	-1.956636e+03
5.600000e-07	-6.531338e-09	-1.685630e-08	-5.288595e+01	-1.954812e+03
5.700000e-07	-6.512513e-09	-1.683174e-08	-5.273352e+01	-1.952931e+03
5.800000e-07	-6.493391e-09	-1.682257e-08	-5.257868e+01	-1.950995e+03
5.900000e-07	-6.473998e-09	-1.681183e-08	-5.242164e+01	-1.949007e+03
6.000000e-07	-6.454398e-09	-1.679439e-08	-5.226294e+01	-1.946968e+03
6.100000e-07	-6.434637e-09	-1.676696e-08	-5.210293e+01	-1.944883e+03
6.200000e-07	-6.414708e-09	-1.674876e-08	-5.194156e+01	-1.942752e+03
6.300000e-07	-6.394597e-09	-1.674011e-08	-5.177871e+01	-1.940580e+03
6.400000e-07	-6.374281e-09	-1.672422e-08	-5.161421e+01	-1.938370e+03
6.500000e-07	-6.353724e-09	-1.670631e-08	-5.144775e+01	-1.936125e+03
6.600000e-07	-6.332914e-09	-1.667993e-08	-5.127925e+01	-1.933846e+03
6.700000e-07	-6.311825e-09	-1.666575e-08	-5.110848e+01	-1.931538e+03
6.800000e-07	-6.290454e-09	-1.665021e-08	-5.093544e+01	-1.929202e+03
6.900000e-07	-6.268814e-09	-1.662945e-08	-5.076021e+01	-1.926840e+03
7.000000e-07	-6.246883e-09	-1.660812e-08	-5.058263e+01	-1.924454e+03
7.100000e-07	-6.224674e-09	-1.658645e-08	-5.040280e+01	-1.922044e+03
7.200000e-07	-6.202184e-09	-1.657216e-08	-5.022069e+01	-1.919613e+03
7.300000e-07	-6.179403e-09	-1.655094e-08	-5.003623e+01	-1.917159e+03
7.400000e-07	-6.156358e-09	-1.652952e-08	-4.984962e+01	-1.914682e+03
7.500000e-07	-6.133058e-09	-1.650621e-08	-4.966095e+01	-1.912183e+03
7.600000e-07	-6.109511e-09	-1.648695e-08	-4.947029e+01	-1.909660e+03
7.700000e-07	-6.085742e-09	-1.646630e-08	-4.927782e+01	-1.907110e+03
7.800000e-07	-6.061747e-09	-1.643958e-08	-4.908353e+01	-1.904534e+03
7.900000e-07	-6.037496e-09	-1.641653e-08	-4.888716e+01	-1.901927e+03
8.000000e-07	-6.012951e-09	-1.639467e-08	-4.868842e+01	-1.899288e+03
8.100000e-07	-5.988039e-09	-1.637701e-08	-4.848670e+01	-1.896615e+03
8.200000e-07	-5.962678e-09	-1.635384e-08	-4.828134e+01	-1.893904e+03
8.300000e-07	-5.936848e-09	-1.632964e-08	-4.807219e+01	-1.891153e+03
8.400000e-07	-5.910588e-09	-1.630382e-08	-4.785955e+01	-1.888359e+03
8.500000e-07	-5.883932e-09	-1.627800e-08	-4.764372e+01	-1.885520e+03
8.600000e-07	-5.856894e-09	-1.625456e-08	-4.742478e+01	-1.882632e+03
8.700000e-07	-5.829557e-09	-1.622649e-08	-4.720343e+01	-1.879693e+03
8.800000e-07	-5.802002e-09	-1.619825e-08	-4.698031e+01	-1.876702e+03
8.900000e-07	-5.774248e-09	-1.617091e-08	-4.675557e+01	-1.873656e+03
9.000000e-07	-5.746292e-09	-1.614699e-08	-4.652920e+01	-1.870554e+03
9.100000e-07	-5.718140e-09	-1.611826e-08	-4.630125e+01	-1.867394e+03
9.200000e-07	-5.689790e-09	-1.608742e-08	-4.607169e+01	-1.864176e+03
9.300000e-07	-5.661221e-09	-1.605759e-08	-4.584036e+01	-1.860900e+03
9.400000e-07	-5.632436e-09	-1.602883e-08	-4.560728e+01	-1.857564e+03
9.500000e-07	-5.603424e-09	-1.600098e-08	-4.537236e+01	-1.854170e+03
9.600000e-07	-5.574170e-09	-1.596772e-08	-4.513549e+01	-1.850717e+03
9.700000e-07	-5.544667e-09	-1.593470e-08	-4.489660e+01	-1.847207e+03
9.800000e-07	-5.514915e-09	-1.590331e-08	-4.465568e+01	-1.843640e+03
9.900000e-07	-5.484947e-09	-1.587556e-08	-4.441303e+01	-1.840018e+03
1.000000e-06	-5.454776e-09	-1.584518e-08	-4.416872e+01	-1.836341e+03
1.010000e-06	-5.424376e-09	-1.581119e-08	-4.392256e+01	-1.832612e+03
1.020000e-06	-5.393745e-09	-1.577778e-08	-4.367454e+01	-1.828832e+03
1.030000e-06	-5.362913e-09	-1.574612e-08	-4.342488e+01	-1.825002e+03
1.040000e-06	-5.331874e-09	-1.571725e-08	-4.317355e+01	-1.821124e+03
1.050000e-06	-5.300625e-09	-1.568246e-08	-4.292051e+01	-1.817198e+03
1.060000e-06	-5.269175e-09	-1.564513e-08	-4.266586e+01	-1.813227e+03
1.070000e-06	-5.237537e-09	-1.560884e-08	-4.240968e+01	-1.809211e+03
1.080000e-06	-5.205725e-09	-1.557528e-08	-4.215208e+01	-1.805150e+03
1.090000e-06	-5.173700e-09	-1.554075e-08	-4.189277e+01	-1.801045e+03
1.100000e-06	-5.141461e-09	-1.550253e-08	-4.163172e+01	-1.796897e+03
1.110000e-06	-5.108976e-09	-1.546541e-08	-4.136868e+01	-1.792704e+03
1.120000e-06	-5.076190e-09	-1.542868e-08	-4.110321e+01	-1.788468e+03
1.130000e-06	-5.043096e-09	-1.539179e-08	-4.083524e+01	-1.784186e+03
1.140000e-06	-5.009638e-09	-1.535205e-08	-4.056432e+01	-1.779858e+03
1.150000e-06	-4.975788e-09	-1.531223e-08	-4.029023e+01	-1.775483e+03
1.160000e-06	-4.941595e-09	-1.527458e-08	-4.001336e+01	-1.771059e+03
1.170000e-06	-4.907089e-09	-1.523764e-08	-3.973396e+01	-1.766585e+03
1.180000e-06	-4.872277e-09	-1.519876e-08	-3.945208e+01	-1.762059e+03
1.190000e-06	-4.837171e-09	-1.515760e-08	-3.916782e+01	-1.757479e+03
1.200000e-06	-4.801828e-09	-1.511752e-08	-3.888163e+01	-1.752843e+03
1.210000e-06	-4.766267e-09	-1.507616e-08	-3.859369e+01	-1.748149e+03
1.220000e-06	-4.730503e-09	-1.503443e-08	-3.830409e+01	-1.743396e+03
1.230000e-06	-4.694588e-09	-1.499256e-08	-3.801328e+01	-1.738581e+03
1.240000e-06	-4.658518e-09	-1.495101e-08	-3.772121e+01	-1.733703e+03
1.250000e-06	-4.622275e-09	-1.491014e-08	-3.742774e+01	-1.728760e+03
1.260000e-06	-4.585865e-09	-1.486798e-08	-3.713292e+01	-1.723752e+03
1.270000e-06	-4.549307e-09	-1.482458e-08	-3.683690e+01	-1.718676e+03
1.280000e-06	-4.512592e-09	-1.477866e-08	-3.653961e+01	-1.713533e+03
1.290000e-06	-4.475684e-09	-1.473379e-08	-3.624075e+01	-1.708321e+03
1.300000e-06	-4.438584e-09	-1.469016e-08	-3.594035e+01	-1.703040e+03
1.310000e-06	-4.401317e-09	-1.464614e-08	-3.563859e+01	-1.697690e+03
1.320000e-06	-4.363854e-09	-1.459960e-08	-3.533524e+01	-1.692272e+03
1.330000e-06	-4.326175e-09	-1.455071e-08	-3.503014e+01	-1.686785e+03
1.340000e-06	-4.288278e-09	-1.450287e-08	-3.472328e+01	-1.681229e+03
1.350000e-06	-4.250216e-09	-1.445337e-08	-3.441508e+01	-1.675607e+03
1.360000e-06	-4.212017e-09	-1.440328e-08	-3.410577e+01	-1.669917e+03
1.370000e-06	-4.173613e-09	-1.435392e-08	-3.379481e+01	-1.664162e+03
1.380000e-06	-4.135007e-09	-1.430422e-08	-3.348220e+01	-1.658341e+03
1.390000e-06	-4.096244e-09	-1.425515e-08	-3.316833e+01	-1.652455e+03
1.400000e-06	-4.057312e-09	-1.420695e-08	-3.285309e+01	-1.646506e+03
1.410000e-06	-4.018209e-09	-1.415637e-08	-3.253646e+01	-1.640493e+03
1.420000e-06	-3.978937e-09	-1.410191e-08	-3.221846e+01	-1.634417e+03
1.430000e-06	-3.939526e-09	-1.404698e-08	-3.189934e+01	-1.628277e+03
1.440000e-06	-3.899974e-09	-1.399332e-08	-3.157907e+01	-1.622074e+03
1.450000e-06	-3.860266e-09	-1.394012e-08	-3.125755e+01	-1.615806e+03
1.460000e-06	-3.820419e-09	-1.388482e-08	-3.093490e+01	-1.609474e+03
1.470000e-06	-3.780389e-09	-1.382754e-08	-3.061076e+01	-1.603075e+03
1.480000e-06	-3.740176e-09	-1.376997e-08	-3.028514e+01	-1.596607e+03
1.490000e-06	-3.699782e-09	-1.371242e-08	-2.995806e+01	-1.590070e+03
1.500000e-06	-3.659200e-09	-1.365596e-08	-2.962946e+01	-1.583460e+03
1.510000e-06	-3.618420e-09	-1.359705e-08	-2.929926e+01	-1.576775e+03
1.520000e-06	-3.577439e-09	-1.353428e-08	-2.896743e+01	-1.570012e+03
1.530000e-06	-3.536244e-09	-1.347145e-08	-2.863386e+01	-1.563168e+03
1.540000e-06	-3.494807e-09	-1.340877e-08	-2.829834e+01	-1.556239e+03
1.550000e-06	-3.453145e-09	-1.334566e-08	-2.796099e+01	-1.549221e+03
1.560000e-06	-3.411257e-09	-1.328099e-08	-2.762182e+01	-1.542112e+03
1.570000e-06	-3.369142e-09	-1.321652e-08	-2.728080e+01	-1.534907e+03
1.580000e-06	-3.326831e-09	-1.315228e-08	-2.693820e+01	-1.527603e+03
1.590000e-06	-3.284314e-09	-1.308776e-08	-2.659393e+01	-1.520197e+03
1.600000e-06	-3.241602e-09	-1.302311e-08	-2.624808e+01	-1.512684e+03
1.610000e-06	-3.198744e-09	-1.295676e-08	-2.590105e+01	-1.505061e+03
1.620000e-06	-3.155755e-09	-1.288864e-08	-2.555296e+01	-1.497327e+03
1.630000e-06	-3.112616e-09	-1.281905e-08	-2.520365e+01	-1.489478e+03
1.640000e-06	-3.069315e-09	-1.275046e-08	-2.485303e+01	-1.481511e+03
1.650000e-06	-3.025870e-09	-1.268349e-08	-2.450125e+01	-1.473426e+03
1.660000e-06	-2.982277e-09	-1.261579e-08	-2.414826e+01	-1.465220e+03
1.670000e-06	-2.938574e-09	-1.254407e-08	-2.379438e+01	-1.456892e+03
1.680000e-06	-2.894808e-09	-1.246830e-08	-2.344000e+01	-1.448443e+03
1.690000e-06	-2.850961e-09	-1.239108e-08	-2.308496e+01	-1.439871e+03
1.700000e-06	-2.807008e-09	-1.231600e-08	-2.272905e+01	-1.431176e+03
1.710000e-06	-2.762932e-09	-1.224263e-08	-2.237216e+01	-1.422360e+03
1.720000e-06	-2.718760e-09	-1.216842e-08	-2.201449e+01	-1.413423e+03
1.730000e-06	-2.674496e-09	-1.209282e-08	-2.165607e+01	-1.404365e+03
1.740000e-06	-2.630120e-09	-1.201382e-08	-2.129674e+01	-1.395188e+03
1.750000e-06	-2.585650e-09	-1.193235e-08	-2.093666e+01	-1.385894e+03
1.760000e-06	-2.541106e-09	-1.184863e-08	-2.057597e+01	-1.376483e+03
1.770000e-06	-2.496465e-09	-1.176448e-08	-2.021450e+01	-1.366956e+03
1.780000e-06	-2.451694e-09	-1.168155e-08	-1.985198e+01	-1.357315e+03
1.790000e-06	-2.406802e-09	-1.160041e-08	-1.948848e+01	-1.347560e+03
1.800000e-06	-2.361789e-09	-1.151970e-08	-1.912399e+01	-1.337693e+03
1.810000e-06	-2.316648e-09	-1.143508e-08	-1.875848e+01	-1.327713e+03
1.820000e-06	-2.271408e-09	-1.134639e-08	-1.839216e+01	-1.317620e+03
1.830000e-06	-2.226065e-09	-1.125563e-08	-1.802500e+01	-1.307413e+03
1.840000e-06	-2.180616e-09	-1.116366e-08	-1.765699e+01	-1.297092e+03
1.850000e-06	-2.135053e-09	-1.107079e-08	-1.728806e+01	-1.286655e+03
1.860000e-06	-2.089377e-09	-1.097913e-08	-1.691820e+01	-1.276100e+03
1.870000e-06	-2.043595e-09	-1.089048e-08	-1.654749e+01	-1.265423e+03
1.880000e-06	-1.997695e-09	-1.080238e-08	-1.617583e+01	-1.254622e+03
1.890000e-06	-1.951684e-09	-1.070971e-08	-1.580327e+01	-1.243693e+03
1.900000e-06	-1.905573e-09	-1.061200e-08	-1.542989e+01	-1.232632e+03
1.910000e-06	-1.859391e-09	-1.051307e-08	-1.505595e+01	-1.221433e+03
1.920000e-06	-1.813145e-09	-1.041566e-08	-1.468148e+01	-1.210093e+03
1.930000e-06	-1.766831e-09	-1.031841e-08	-1.430646e+01	-1.198605e+03
1.940000e-06	-1.720445e-09	-1.021742e-08	-1.393086e+01	-1.186964e+03
1.950000e-06	-1.673976e-09	-1.011195e-08	-1.355459e+01	-1.175164e+03
1.960000e-06	-1.627445e-09	-1.000484e-08	-1.317781e+01	-1.163201e+03
1.970000e-06	-1.580868e-09	-9.898418e-09	-1.280067e+01	-1.151067e+03
1.980000e-06	-1.534233e-09	-9.793296e-09	-1.242305e+01	-1.138759e+03
1.990000e-06	-1.487526e-09	-9.687024e-09	-1.204485e+01	-1.126269e+03
2.000000e-06	-1.440757e-09	-9.578435e-09	-1.166616e+01	-1.113595e+03
2.010000e-06	-1.393956e-09	-9.466995e-09	-1.128720e+01	-1.100731e+03
2.020000e-06	-1.347123e-09	-9.354412e-09	-1.090797e+01	-1.087673e+03
2.030000e-06	-1.300263e-09	-9.240596e-09	-1.052854e+01	-1.074418e+03
2.040000e-06	-1.253357e-09	-9.122429e-09	-1.014873e+01	-1.060962e+03
2.050000e-06	-1.206376e-09	-9.001828e-09	-9.768312e+00	-1.047305e+03
2.060000e-06	-1.159338e-09	-8.880026e-09	-9.387432e+00	-1.033443e+03
2.070000e-06	-1.112271e-09	-8.760008e-09	-9.006316e+00	-1.019377e+03
2.080000e-06	-1.065179e-09	-8.640157e-09	-8.625000e+00	-1.005104e+03
2.090000e-06	-1.018059e-09	-8.517103e-09	-8.243454e+00	-9.906255e+02
2.100000e-06	-9.709064e-10	-8.391914e-09	-7.861648e+00	-9.759415e+02
2.110000e-06	-9.236872e-10	-8.266321e-09	-7.479300e+00	-9.610526e+02
2.120000e-06	-8.764114e-10	-8.139837e-09	-7.096495e+00	-9.459596e+02
2.130000e-06	-8.290967e-10	-8.007720e-09	-6.713374e+00	-9.306636e+02
2.140000e-06	-7.817288e-10	-7.870838e-09	-6.329824e+00	-9.151654e+02
2.150000e-06	-7.343130e-10	-7.733809e-09	-5.945885e+00	-8.994659e+02
2.160000e-06	-6.868493e-10	-7.598827e-09	-5.561558e+00	-8.835656e+02
2.170000e-06	-6.393599e-10	-7.462392e-09	-5.177023e+00	-8.674645e+02
2.180000e-06	-5.918298e-10	-7.320748e-09	-4.792158e+00	-8.511622e+02
2.190000e-06	-5.442546e-10	-7.176066e-09	-4.406928e+00	-8.346572e+02
2.200000e-06	-4.966807e-10	-7.030785e-09	-4.021708e+00	-8.179475e+02
2.210000e-06	-4.491189e-10	-6.885778e-09	-3.636587e+00	-8.010299e+02
2.220000e-06	-4.015332e-10	-6.738540e-09	-3.251273e+00	-7.839002e+02
2.230000e-06	-3.538931e-10	-6.587864e-09	-2.865517e+00	-7.665531e+02
2.240000e-06	-3.062286e-10	-6.435085e-09	-2.479564e+00	-7.489819e+02
2.250000e-06	-2.585582e-10	-6.280810e-09	-2.093563e+00	-7.311787e+02
2.260000e-06	-2.108851e-10	-6.123404e-09	-1.707539e+00	-7.131343e+02
2.270000e-06	-1.632101e-10	-5.961280e-09	-1.321501e+00	-6.948383e+02
2.280000e-06	-1.155258e-10	-5.798813e-09	-9.353873e-01	-6.762790e+02
2.290000e-06	-6.783160e-11	-5.637473e-09	-5.491940e-01	-6.574437e+02
2.300000e-06	-2.017119e-11	-5.476650e-09	-1.632733e-01	-6.383184e+02
2.310000e-06	2.745767e-11	-5.310929e-09	2.223917e-01	-6.188886e+02
2.320000e-06	7.508530e-11	-5.137816e-09	6.080459e-01	-5.991388e+02
2.330000e-06	1.226960e-10	-4.962247e-09	9.935632e-01	-5.790529e+02
2.340000e-06	1.702758e-10	-4.783946e-09	1.378830e+00	-5.586149e+02
2.350000e-06	2.178569e-10	-4.602388e-09	1.764106e+00	-5.378083e+02
2.360000e-06	2.654356e-10	-4.415610e-09	2.149364e+00	-5.166171e+02
2.370000e-06	3.129814e-10	-4.226482e-09	2.534356e+00	-4.950256e+02
2.380000e-06	3.605055e-10	-4.037879e-09	2.919172e+00	-4.730191e+02
2.390000e-06	4.080126e-10	-3.847236e-09	3.303851e+00	-4.505836e+02
2.400000e-06	4.554977e-10	-3.650818e-09	3.688352e+00	-4.277067e+02
2.410000e-06	5.029529e-10	-3.448078e-09	4.072610e+00	-4.043776e+02
2.420000e-06	5.503805e-10	-3.242710e-09	4.456645e+00	-3.805873e+02
2.430000e-06	5.977717e-10	-3.033003e-09	4.840385e+00	-3.563291e+02
2.440000e-06	6.451629e-10	-2.819544e-09	5.224124e+00	-3.315986e+02
2.450000e-06	6.925489e-10	-2.601679e-09	5.607822e+00	-3.063941e+02
2.460000e-06	7.398940e-10	-2.379342e-09	5.991189e+00	-2.807166e+02
2.470000e-06	7.872136e-10	-2.154265e-09	6.374351e+00	-2.545701e+02
2.480000e-06	8.345301e-10	-1.926608e-09	6.757485e+00	-2.279617e+02
2.490000e-06	8.818257e-10	-1.695263e-09	7.140450e+00	-2.009018e+02
2.500000e-06	9.290826e-10	-1.458174e-09	7.523103e+00	-1.734036e+02
2.510000e-06	9.763119e-10	-1.219337e-09	7.905533e+00	-1.454839e+02
2.520000e-06	1.023518e-09	-9.774579e-10	8.287776e+00	-1.171625e+02
2.530000e-06	1.070691e-09	-7.301592e-10	8.669743e+00	-8.846219e+01
2.540000e-06	1.117820e-09	-4.779138e-10	9.051367e+00	-5.940882e+01
2.550000e-06	1.164927e-09	-2.223383e-10	9.432803e+00	-3.003091e+01
2.560000e-06	1.212001e-09	3.440249e-11	9.813974e+00	-3.595945e-01
2.570000e-06	1.259024e-09	2.934122e-10	1.019473e+01	2.957171e+01
2.580000e-06	1.305986e-09	5.541576e-10	1.057500e+01	5.972755e+01
2.590000e-06	1.352883e-09	8.154827e-10	1.095473e+01	9.007070e+01
2.600000e-06	1.399730e-09	1.076880e-09	1.133407e+01	1.205625e+02
2.610000e-06	1.446519e-09	1.338540e-09	1.171293e+01	1.511634e+02
2.620000e-06	1.493239e-09	1.601179e-09	1.209123e+01	1.818328e+02
2.630000e-06	1.539885e-09	1.864634e-09	1.246894e+01	2.125299e+02
2.640000e-06	1.586445e-09	2.128599e-09	1.284594e+01	2.432141e+02
2.650000e-06	1.632911e-09	2.391500e-09	1.322219e+01	2.738448e+02
2.660000e-06	1.679284e-09	2.651690e-09	1.359769e+01	3.043824e+02
2.670000e-06	1.725567e-09	2.909007e-09	1.397245e+01	3.347881e+02
2.680000e-06	1.771772e-09	3.165637e-09	1.434658e+01	3.650246e+02
2.690000e-06	1.817881e-09	3.423255e-09	1.471994e+01	3.950563e+02
2.700000e-06	1.863883e-09	3.678766e-09	1.509243e+01	4.248494e+02
2.710000e-06	1.909793e-09	3.928962e-09	1.546418e+01	4.543722e+02
2.720000e-06	1.955600e-09	4.174637e-09	1.583508e+01	4.835955e+02
2.730000e-06	2.001301e-09	4.420044e-09	1.620513e+01	5.124925e+02
2.740000e-06	2.046914e-09	4.663804e-09	1.657448e+01	5.410391e+02
2.750000e-06	2.092452e-09	4.901490e-09	1.694321e+01	5.692137e+02
2.760000e-06	2.137882e-09	5.134743e-09	1.731107e+01	5.969977e+02
2.770000e-06	2.183224e-09	5.368566e-09	1.767822e+01	6.243751e+02
2.780000e-06	2.228480e-09	5.604062e-09	1.804467e+01	6.513329e+02
2.790000e-06	2.273626e-09	5.834346e-09	1.841022e+01	6.778604e+02
2.800000e-06	2.318683e-09	6.054676e-09	1.877506e+01	7.039497e+02
2.810000e-06	2.363661e-09	6.269075e-09	1.913926e+01	7.295954e+02
2.820000e-06	2.408546e-09	6.482633e-09	1.950271e+01	7.547943e+02
2.830000e-06	2.453329e-09	6.695076e-09	1.986533e+01	7.795453e+02
2.840000e-06	2.498001e-09	6.902738e-09	2.022705e+01	8.038493e+02
2.850000e-06	2.542597e-09	7.105855e-09	2.058815e+01	8.277089e+02
2.860000e-06	2.587119e-09	7.308217e-09	2.094865e+01	8.511281e+02
2.870000e-06	2.631547e-09	7.508141e-09	2.130841e+01	8.741124e+02
2.880000e-06	2.675883e-09	7.700986e-09	2.166740e+01	8.966683e+02
2.890000e-06	2.720122e-09	7.887496e-09	2.202562e+01	9.188030e+02
2.900000e-06	2.764281e-09	8.069610e-09	2.238318e+01	9.405244e+02
2.910000e-06	2.808350e-09	8.248930e-09	2.274002e+01	9.618408e+02
2.920000e-06	2.852335e-09	8.427216e-09	2.309619e+01	9.827610e+02
2.930000e-06	2.896223e-09	8.603343e-09	2.345156e+01	1.003293e+03
2.940000e-06	2.939992e-09	8.775062e-09	2.380597e+01	1.023447e+03
2.950000e-06	2.983636e-09	8.942489e-09	2.415937e+01	1.043229e+03
2.960000e-06	3.027168e-09	9.107452e-09	2.451186e+01	1.062649e+03
2.970000e-06	3.070576e-09	9.270799e-09	2.486334e+01	1.081713e+03
2.980000e-06	3.113817e-09	9.430826e-09	2.521348e+01	1.100429e+03
2.990000e-06	3.156894e-09	9.587061e-09	2.556228e+01	1.118804e+03
3.000000e-06	3.199772e-09	9.739648e-09	2.590948e+01	1.136843e+03
3.010000e-06	3.242448e-09	9.890194e-09	2.625503e+01	1.154552e+03
3.020000e-06	3.284935e-09	1.004183e-08	2.659906e+01	1.171936e+03
3.030000e-06	3.327207e-09	1.019140e-08	2.694134e+01	1.188999e+03
3.040000e-06	3.369232e-09	1.033413e-08	2.728163e+01	1.205746e+03
3.050000e-06	3.410995e-09	1.047058e-08	2.761979e+01	1.222179e+03
3.060000e-06	3.452509e-09	1.060547e-08	2.795594e+01	1.238303e+03
3.070000e-06	3.493784e-09	1.074006e-08	2.829015e+01	1.254120e+03
3.080000e-06	3.534840e-09	1.087031e-08	2.862258e+01	1.269634e+03
3.090000e-06	3.575678e-09	1.099704e-08	2.895326e+01	1.284848e+03
3.100000e-06	3.616316e-09	1.112410e-08	2.928232e+01	1.299764e+03
3.110000e-06	3.656764e-09	1.125246e-08	2.960983e+01	1.314385e+03
3.120000e-06	3.697033e-09	1.137813e-08	2.993590e+01	1.328716e+03
3.130000e-06	3.737164e-09	1.149586e-08	3.026085e+01	1.342759e+03
3.140000e-06	3.777138e-09	1.160829e-08	3.058454e+01	1.356518e+03
3.150000e-06	3.816991e-09	1.172070e-08	3.090723e+01	1.369998e+03
3.160000e-06	3.856734e-09	1.183288e-08	3.122904e+01	1.383203e+03
3.170000e-06	3.896348e-09	1.194238e-08	3.154981e+01	1.396138e+03
3.180000e-06	3.935812e-09	1.204948e-08	3.186936e+01	1.408808e+03
3.190000e-06	3.975155e-09	1.215601e-08	3.218793e+01	1.421219e+03
3.200000e-06	4.014377e-09	1.226111e-08	3.250553e+01	1.433378e+03
3.210000e-06	4.053419e-09	1.236111e-08	3.282166e+01	1.445289e+03
3.220000e-06	4.092274e-09	1.245686e-08	3.313628e+01	1.456961e+03
3.230000e-06	4.130951e-09	1.255250e-08	3.344946e+01	1.468400e+03
3.240000e-06	4.169474e-09	1.264823e-08	3.376139e+01	1.479613e+03
3.250000e-06	4.207821e-09	1.274169e-08	3.407189e+01	1.490607e+03
3.260000e-06	4.245972e-09	1.283132e-08	3.438081e+01	1.501389e+03
3.270000e-06	4.283921e-09	1.291837e-08	3.468809e+01	1.511966e+03
3.280000e-06	4.321677e-09	1.300553e-08	3.499381e+01	1.522345e+03
3.290000e-06	4.359258e-09	1.309132e-08	3.529812e+01	1.532533e+03
3.300000e-06	4.396646e-09	1.317456e-08	3.560085e+01	1.542536e+03
3.310000e-06	4.433790e-09	1.325712e-08	3.590162e+01	1.552360e+03
3.320000e-06	4.470725e-09	1.333808e-08	3.620069e+01	1.562011e+03
3.330000e-06	4.507474e-09	1.341589e-08	3.649826e+01	1.571494e+03
3.340000e-06	4.544027e-09	1.349048e-08	3.679424e+01	1.580814e+03
3.350000e-06	4.580402e-09	1.356493e-08	3.708878e+01	1.589975e+03
3.360000e-06	4.616601e-09	1.364192e-08	3.738189e+01	1.598981e+03
3.370000e-06	4.652632e-09	1.371878e-08	3.767364e+01	1.607835e+03
3.380000e-06	4.688501e-09	1.379196e-08	3.796409e+01	1.616541e+03
3.390000e-06	4.724220e-09	1.386301e-08	3.825331e+01	1.625099e+03
3.400000e-06	4.759790e-09	1.393394e-08	3.854133e+01	1.633513e+03
3.410000e-06	4.795194e-09	1.400209e-08	3.882801e+01	1.641783e+03
3.420000e-06	4.830383e-09	1.406661e-08	3.911294e+01	1.649911e+03
3.430000e-06	4.865319e-09	1.413092e-08	3.939582e+01	1.657898e+03
3.440000e-06	4.899989e-09	1.419637e-08	3.967655e+01	1.665744e+03
3.450000e-06	4.934356e-09	1.426262e-08	3.995483e+01	1.673451e+03
3.460000e-06	4.968340e-09	1.432928e-08	4.023001e+01	1.681017e+03
3.470000e-06	5.001962e-09	1.439360e-08	4.050225e+01	1.688445e+03
3.480000e-06	5.035293e-09	1.445489e-08	4.077214e+01	1.695734e+03
3.490000e-06	5.068304e-09	1.451331e-08	4.103943e+01	1.702885e+03
3.500000e-06	5.101019e-09	1.457033e-08	4.130433e+01	1.709898e+03
3.510000e-06	5.133488e-09	1.462790e-08	4.156724e+01	1.716775e+03
3.520000e-06	5.165719e-09	1.468474e-08	4.182822e+01	1.723517e+03
3.530000e-06	5.197769e-09	1.474141e-08	4.208775e+01	1.730125e+03
3.540000e-06	5.229653e-09	1.479691e-08	4.234592e+01	1.736601e+03
3.550000e-06	5.261359e-09	1.485091e-08	4.260265e+01	1.742948e+03
3.560000e-06	5.292916e-09	1.490451e-08	4.285817e+01	1.749167e+03
3.570000e-06	5.324287e-09	1.495866e-08	4.311220e+01	1.755262e+03
3.580000e-06	5.355450e-09	1.501236e-08	4.336453e+01	1.761235e+03
3.590000e-06	5.386388e-09	1.506221e-08	4.361505e+01	1.767091e+03
3.600000e-06	5.417041e-09	1.511117e-08	4.386325e+01	1.772832e+03
3.610000e-06	5.447420e-09	1.516157e-08	4.410924e+01	1.778462e+03
3.620000e-06	5.477554e-09	1.521001e-08	4.435323e+01	1.783986e+03
3.630000e-06	5.507436e-09	1.525364e-08	4.459520e+01	1.789407e+03
3.640000e-06	5.537089e-09	1.529693e-08	4.483531e+01	1.794729e+03
3.650000e-06	5.566521e-09	1.534550e-08	4.507363e+01	1.799957e+03
3.660000e-06	5.595710e-09	1.539546e-08	4.530998e+01	1.805094e+03
3.670000e-06	5.624656e-09	1.544187e-08	4.554436e+01	1.810144e+03
3.680000e-06	5.653369e-09	1.548498e-08	4.577685e+01	1.815111e+03
3.690000e-06	5.681847e-09	1.552883e-08	4.600745e+01	1.819998e+03
3.700000e-06	5.710091e-09	1.557430e-08	4.623615e+01	1.824809e+03
3.710000e-06	5.738144e-09	1.561728e-08	4.646330e+01	1.829545e+03
3.720000e-06	5.766057e-09	1.565584e-08	4.668932e+01	1.834209e+03
3.730000e-06	5.793826e-09	1.569224e-08	4.691418e+01	1.838804e+03
3.740000e-06	5.821412e-09	1.573014e-08	4.713755e+01	1.843330e+03
3.750000e-06	5.848733e-09	1.576977e-08	4.735877e+01	1.847790e+03
3.760000e-06	5.875717e-09	1.580818e-08	4.757727e+01	1.852183e+03
3.770000e-06	5.902329e-09	1.584463e-08	4.779275e+01	1.856511e+03
3.780000e-06	5.928533e-09	1.588219e-08	4.800492e+01	1.860773e+03
3.790000e-06	5.954270e-09	1.591896e-08	4.821333e+01	1.864969e+03
3.800000e-06	5.979543e-09	1.595118e-08	4.841796e+01	1.869100e+03
3.810000e-06	6.004418e-09	1.598114e-08	4.861938e+01	1.873163e+03
3.820000e-06	6.028961e-09	1.601322e-08	4.881811e+01	1.877158e+03
3.830000e-06	6.053225e-09	1.604787e-08	4.901458e+01	1.881085e+03
3.840000e-06	6.077243e-09	1.608259e-08	4.920907e+01	1.884943e+03
3.850000e-06	6.101037e-09	1.611626e-08	4.940173e+01	1.888730e+03
3.860000e-06	6.124634e-09	1.614793e-08	4.959280e+01	1.892445e+03
3.870000e-06	6.148006e-09	1.617732e-08	4.978205e+01	1.896088e+03
3.880000e-06	6.171086e-09	1.620717e-08	4.996894e+01	1.899658e+03
3.890000e-06	6.193900e-09	1.623415e-08	5.015367e+01	1.903155e+03
3.900000e-06	6.216437e-09	1.626070e-08	5.033616e+01	1.906578e+03
3.910000e-06	6.238690e-09	1.628890e-08	5.051634e+01	1.909928e+03
3.920000e-06	6.260701e-09	1.631749e-08	5.069457e+01	1.913205e+03
3.930000e-06	6.282468e-09	1.634859e-08	5.087082e+01	1.916409e+03
3.940000e-06	6.303974e-09	1.637895e-08	5.104496e+01	1.919542e+03
3.950000e-06	6.325204e-09	1.640826e-08	5.121687e+01	1.922606e+03
3.960000e-06	6.346123e-09	1.643201e-08	5.138625e+01	1.925600e+03
3.970000e-06	6.366714e-09	1.645068e-08	5.155298e+01	1.928528e+03
3.980000e-06	6.387032e-09	1.646807e-08	5.171750e+01	1.931392e+03
3.990000e-06	6.407142e-09	1.648450e-08	5.188033e+01	1.934193e+03
4.000000e-06	6.427072e-09	1.650494e-08	5.204172e+01	1.936935e+03
4.010000e-06	6.446845e-09	1.652902e-08	5.220183e+01	1.939619e+03
4.020000e-06	6.466434e-09	1.655736e-08	5.236044e+01	1.942248e+03
4.030000e-06	6.485765e-09	1.658599e-08	5.251697e+01	1.944825e+03
4.040000e-06	6.504786e-09	1.660841e-08	5.267099e+01	1.947352e+03
4.050000e-06	6.523463e-09	1.662513e-08	5.282222e+01	1.949831e+03
4.060000e-06	6.541766e-09	1.663791e-08	5.297042e+01	1.952265e+03
4.070000e-06	6.559704e-09	1.665049e-08	5.311568e+01	1.954656e+03
4.080000e-06	6.577328e-09	1.666253e-08	5.325838e+01	1.957004e+03
4.090000e-06	6.594669e-09	1.667812e-08	5.339880e+01	1.959312e+03
4.100000e-06	6.611765e-09	1.669849e-08	5.353722e+01	1.961580e+03
4.110000e-06	6.628636e-09	1.672199e-08	5.367383e+01	1.963810e+03
4.120000e-06	6.645269e-09	1.674483e-08	5.380851e+01	1.966001e+03
4.130000e-06	6.661623e-09	1.676315e-08	5.394093e+01	1.968153e+03
4.140000e-06	6.677610e-09	1.677930e-08	5.407038e+01	1.970266e+03
4.150000e-06	6.693203e-09	1.679294e-08	5.419665e+01	1.972339e+03
4.160000e-06	6.708395e-09	1.680622e-08	5.431966e+01	1.974372e+03
4.170000e-06	6.723163e-09	1.681744e-08	5.443924e+01	1.976363e+03
4.180000e-06	6.737552e-09	1.683024e-08	5.455575e+01	1.978311e+03
4.190000e-06	6.751610e-09	1.684834e-08	5.466958e+01	1.980213e+03
4.200000e-06	6.765385e-09	1.686997e-08	5.478112e+01	1.982069e+03
4.210000e-06	6.778881e-09	1.689269e-08	5.489040e+01	1.983876e+03
4.220000e-06	6.792053e-09	1.690543e-08	5.499706e+01	1.985633e+03
4.230000e-06	6.804903e-09	1.691485e-08	5.510111e+01	1.987338e+03
4.240000e-06	6.817440e-09	1.692267e-08	5.520262e+01	1.988990e+03
4.250000e-06	6.829673e-09	1.693101e-08	5.530167e+01	1.990587e+03
4.260000e-06	6.841633e-09	1.694103e-08	5.539852e+01	1.992128e+03
4.270000e-06	6.853333e-09	1.695273e-08	5.549326e+01	1.993613e+03
4.280000e-06	6.864711e-09	1.697406e-08	5.558538e+01	1.995040e+03
4.290000e-06	6.875691e-09	1.699176e-08	5.567429e+01	1.996409e+03
4.300000e-06	6.886228e-09	1.700329e-08	5.575961e+01	1.997722e+03
4.310000e-06	6.896241e-09	1.700756e-08	5.584068e+01	1.998978e+03
4.320000e-06	6.905692e-09	1.701037e-08	5.591721e+01	2.000179e+03
4.330000e-06	6.914623e-09	1.701778e-08	5.598953e+01	2.001326e+03
4.340000e-06	6.923153e-09	1.702687e-08	5.605859e+01	2.002420e+03
4.350000e-06	6.931363e-09	1.704032e-08	5.612507e+01	2.003463e+03
4.360000e-06	6.939335e-09	1.705298e-08	5.618962e+01	2.004459e+03
4.370000e-06	6.947150e-09	1.706858e-08	5.625290e+01	2.005409e+03
4.380000e-06	6.954760e-09	1.708195e-08	5.631452e+01	2.006316e+03
4.390000e-06	6.962106e-09	1.708930e-08	5.637401e+01	2.007183e+03
4.400000e-06	6.969123e-09	1.709277e-08	5.643082e+01	2.008012e+03
4.410000e-06	6.975769e-09	1.709271e-08	5.648463e+01	2.008806e+03
4.420000e-06	6.982082e-09	1.709619e-08	5.653575e+01	2.009569e+03
4.430000e-06	6.988109e-09	1.710247e-08	5.658456e+01	2.010301e+03
4.440000e-06	6.993855e-09	1.711395e-08	5.663108e+01	2.011006e+03
4.450000e-06	6.999297e-09	1.712486e-08	5.667514e+01	2.011685e+03
4.460000e-06	7.004387e-09	1.713346e-08	5.671636e+01	2.012339e+03
4.470000e-06	7.009150e-09	1.713864e-08	5.675493e+01	2.012969e+03
4.480000e-06	7.013620e-09	1.713931e-08	5.679112e+01	2.013576e+03
4.490000e-06	7.017820e-09	1.713982e-08	5.682513e+01	2.014160e+03
4.500000e-06	7.021813e-09	1.713929e-08	5.685746e+01	2.014720e+03
4.510000e-06	7.025635e-09	1.714260e-08	5.688841e+01	2.015255e+03
4.520000e-06	7.029285e-09	1.714906e-08	5.691797e+01	2.015763e+03
4.530000e-06	7.032700e-09	1.715821e-08	5.694562e+01	2.016241e+03
4.540000e-06	7.035779e-09	1.716334e-08	5.697055e+01	2.016688e+03
4.550000e-06	7.038421e-09	1.716411e-08	5.699194e+01	2.017100e+03
4.560000e-06	7.040576e-09	1.716483e-08	5.700939e+01	2.017473e+03
4.570000e-06	7.042210e-09	1.716634e-08	5.702262e+01	2.017803e+03
4.580000e-06	7.043357e-09	1.717186e-08	5.703190e+01	2.018087e+03
4.590000e-06	7.044078e-09	1.717474e-08	5.703775e+01	2.018321e+03
4.600000e-06	7.044441e-09	1.717673e-08	5.704068e+01	2.018499e+03
4.610000e-06	7.044536e-09	1.717617e-08	5.704145e+01	2.018617e+03
4.620000e-06	7.044425e-09	1.717313e-08	5.704055e+01	2.018673e+03
4.630000e-06	7.044121e-09	1.716932e-08	5.703809e+01	2.018661e+03
4.640000e-06	7.043572e-09	1.716534e-08	5.703365e+01	2.018578e+03
4.650000e-06	7.042706e-09	1.716743e-08	5.702663e+01	2.018421e+03
4.660000e-06	7.041526e-09	1.716891e-08	5.701707e+01	2.018188e+03
4.670000e-06	7.040039e-09	1.716910e-08	5.700503e+01	2.017876e+03
4.680000e-06	7.038243e-09	1.717240e-08	5.699050e+01	2.017484e+03
4.690000e-06	7.036176e-09	1.718102e-08	5.697375e+01	2.017012e+03
4.700000e-06	7.033859e-09	1.717268e-08	5.695499e+01	2.016459e+03
4.710000e-06	7.031282e-09	1.716168e-08	5.693413e+01	2.015826e+03
4.720000e-06	7.028383e-09	1.715834e-08	5.691065e+01	2.015116e+03
4.730000e-06	7.025085e-09	1.712954e-08	5.688395e+01	2.014329e+03
4.740000e-06	7.021398e-09	1.706880e-08	5.685409e+01	2.013470e+03
4.750000e-06	7.017443e-09	1.707378e-08	5.682206e+01	2.012543e+03
4.760000e-06	7.013309e-09	1.719521e-08	5.678860e+01	2.011551e+03
4.770000e-06	7.008995e-09	1.717092e-08	5.675366e+01	2.010500e+03
4.780000e-06	7.004452e-09	1.700363e-08	5.671687e+01	2.009395e+03
4.790000e-06	6.999642e-09	1.706565e-08	5.667793e+01	2.008242e+03
4.800000e-06	6.994470e-09	1.715437e-08	5.663604e+01	2.007048e+03
4.810000e-06	6.988765e-09	1.697637e-08	5.658985e+01	2.005819e+03
4.820000e-06	6.982488e-09	1.696231e-08	5.653902e+01	2.004562e+03
4.830000e-06	6.975659e-09	1.715659e-08	5.648372e+01	2.003282e+03
4.840000e-06	6.968339e-09	1.707893e-08	5.642446e+01	2.001987e+03
4.850000e-06	6.960685e-09	1.699084e-08	5.636247e+01	2.000682e+03
4.860000e-06	6.952790e-09	1.713571e-08	5.629855e+01	1.999374e+03
4.870000e-06	6.944685e-09	1.708320e-08	5.623292e+01	1.998067e+03
4.880000e-06	6.936379e-09	1.700675e-08	5.616566e+01	1.996766e+03
4.890000e-06	6.927849e-09	1.708642e-08	5.609659e+01	1.995475e+03
4.900000e-06	6.919058e-09	1.703460e-08	5.602541e+01	1.994199e+03
4.910000e-06	6.909949e-09	1.706079e-08	5.595165e+01	1.992938e+03
4.920000e-06	6.900504e-09	1.715722e-08	5.587517e+01	1.991696e+03
4.930000e-06	6.890791e-09	1.708393e-08	5.579652e+01	1.990473e+03
4.940000e-06	6.880842e-09	1.707354e-08	5.571596e+01	1.989269e+03
4.950000e-06	6.870617e-09	1.712270e-08	5.563316e+01	1.988083e+03
4.960000e-06	6.860074e-09	1.704297e-08	5.554780e+01	1.986915e+03
4.970000e-06	6.849211e-09	1.706006e-08	5.545983e+01	1.985762e+03
4.980000e-06	6.838040e-09	1.709320e-08	5.536939e+01	1.984620e+03
4.990000e-06	6.826572e-09	1.704347e-08	5.527652e+01	1.983487e+03
5.000000e-06	6.814781e-09	1.709715e-08	5.518105e+01	1.982358e+03
5.010000e-06	6.802659e-09	1.708482e-08	5.508289e+01	1.981229e+03
5.020000e-06	6.790225e-09	1.703489e-08	5.498221e+01	1.980095e+03
5.030000e-06	6.777426e-09	1.702498e-08	5.487858e+01	1.978950e+03
5.040000e-06	6.764159e-09	1.699181e-08	5.477114e+01	1.977790e+03
5.050000e-06	6.750366e-09	1.700142e-08	5.465946e+01	1.976608e+03
5.060000e-06	6.736025e-09	1.698469e-08	5.454334e+01	1.975400e+03
5.070000e-06	6.721146e-09	1.697062e-08	5.442286e+01	1.974160e+03
5.080000e-06	6.705828e-09	1.697999e-08	5.429883e+01	1.972883e+03
5.090000e-06	6.690158e-09	1.695577e-08	5.417194e+01	1.971565e+03
5.100000e-06	6.674208e-09	1.695141e-08	5.404279e+01	1.970202e+03
5.110000e-06	6.658043e-09	1.692906e-08	5.391190e+01	1.968789e+03
5.120000e-06	6.641648e-09	1.689787e-08	5.377914e+01	1.967325e+03
5.130000e-06	6.624964e-09	1.690971e-08	5.364404e+01	1.965805e+03
5.140000e-06	6.607992e-09	1.689032e-08	5.350662e+01	1.964229e+03
5.150000e-06	6.590715e-09	1.687199e-08	5.336672e+01	1.962595e+03
5.160000e-06	6.573114e-09	1.685642e-08	5.322420e+01	1.960903e+03
5.170000e-06	6.555226e-09	1.682035e-08	5.307936e+01	1.959152e+03
5.180000e-06	6.537059e-09	1.682358e-08	5.293225e+01	1.957343e+03
5.190000e-06	6.518623e-09	1.679953e-08	5.278297e+01	1.955477e+03
5.200000e-06	6.499908e-09	1.678116e-08	5.263143e+01	1.953556e+03
5.210000e-06	6.480896e-09	1.678151e-08	5.247749e+01	1.951581e+03
5.220000e-06	6.461604e-09	1.675998e-08	5.232128e+01	1.949556e+03
5.230000e-06	6.442063e-09	1.674876e-08	5.216305e+01	1.947482e+03
5.240000e-06	6.422318e-09	1.670661e-08	5.200316e+01	1.945364e+03
5.250000e-06	6.402397e-09	1.668096e-08	5.184186e+01	1.943203e+03
5.260000e-06	6.382318e-09	1.666301e-08	5.167927e+01	1.941002e+03
5.270000e-06	6.362088e-09	1.664348e-08	5.151546e+01	1.938766e+03
5.280000e-06	6.341661e-09	1.664491e-08	5.135005e+01	1.936496e+03
5.290000e-06	6.320954e-09	1.662596e-08	5.118239e+01	1.934196e+03
5.300000e-06	6.299911e-09	1.661981e-08	5.101200e+01	1.931867e+03
5.310000e-06	6.278492e-09	1.659884e-08	5.083856e+01	1.929511e+03
5.320000e-06	6.256608e-09	1.656707e-08	5.066137e+01	1.927132e+03
5.330000e-06	6.234220e-09	1.653790e-08	5.048009e+01	1.924728e+03
5.340000e-06	6.211368e-09	1.650324e-08	5.029504e+01	1.922303e+03
5.350000e-06	6.188111e-09	1.648999e-08	5.010673e+01	1.919855e+03
5.360000e-06	6.164535e-09	1.647391e-08	4.991583e+01	1.917384e+03
5.370000e-06	6.140714e-09	1.646010e-08	4.972294e+01	1.914891e+03
5.380000e-06	6.116679e-09	1.643618e-08	4.952832e+01	1.912374e+03
5.390000e-06	6.092426e-09	1.640781e-08	4.933194e+01	1.909832e+03
5.400000e-06	6.067951e-09	1.638545e-08	4.913375e+01	1.907263e+03
5.410000e-06	6.043224e-09	1.635617e-08	4.893354e+01	1.904664e+03
5.420000e-06	6.018240e-09	1.633232e-08	4.873123e+01	1.902035e+03
5.430000e-06	5.992974e-09	1.630406e-08	4.852665e+01	1.899371e+03
5.440000e-06	5.967417e-09	1.628259e-08	4.831971e+01	1.896670e+03
5.450000e-06	5.941564e-09	1.626077e-08	4.811036e+01	1.893930e+03
5.460000e-06	5.915400e-09	1.623377e-08	4.789851e+01	1.891148e+03
5.470000e-06	5.888961e-09	1.620741e-08	4.768442e+01	1.888320e+03
5.480000e-06	5.862245e-09	1.617960e-08	4.746810e+01	1.885445e+03
5.490000e-06	5.835256e-09	1.616163e-08	4.724956e+01	1.882520e+03
5.500000e-06	5.808012e-09	1.613704e-08	4.702895e+01	1.879543e+03
5.510000e-06	5.780543e-09	1.610831e-08	4.680653e+01	1.876512e+03
5.520000e-06	5.752880e-09	1.607743e-08	4.658254e+01	1.873425e+03
5.530000e-06	5.725003e-09	1.604745e-08	4.635681e+01	1.870281e+03
5.540000e-06	5.696936e-09	1.602153e-08	4.612955e+01	1.867078e+03
5.550000e-06	5.668697e-09	1.599049e-08	4.590088e+01	1.863817e+03
5.560000e-06	5.640270e-09	1.596552e-08	4.567070e+01	1.860498e+03
5.570000e-06	5.611655e-09	1.594240e-08	4.543900e+01	1.857119e+03
5.580000e-06	5.582772e-09	1.592036e-08	4.520513e+01	1.853682e+03
5.590000e-06	5.553569e-09	1.589289e-08	4.496866e+01	1.850187e+03
5.600000e-06	5.524044e-09	1.585955e-08	4.472959e+01	1.846635e+03
5.610000e-06	5.494169e-09	1.582898e-08	4.448769e+01	1.843027e+03
5.620000e-06	5.463944e-09	1.579855e-08	4.424295e+01	1.839365e+03
5.630000e-06	5.433354e-09	1.577116e-08	4.399526e+01	1.835650e+03
5.640000e-06	5.402416e-09	1.574011e-08	4.374475e+01	1.831883e+03
5.650000e-06	5.371166e-09	1.570746e-08	4.349171e+01	1.828066e+03
5.660000e-06	5.339624e-09	1.567434e-08	4.323631e+01	1.824201e+03
5.670000e-06	5.307834e-09	1.564241e-08	4.297889e+01	1.820288e+03
5.680000e-06	5.275845e-09	1.561036e-08	4.271987e+01	1.816329e+03
5.690000e-06	5.243675e-09	1.557458e-08	4.245938e+01	1.812324e+03
5.700000e-06	5.211284e-09	1.554211e-08	4.219710e+01	1.808275e+03
5.710000e-06	5.178661e-09	1.551070e-08	4.193294e+01	1.804182e+03
5.720000e-06	5.145857e-09	1.547887e-08	4.166732e+01	1.800046e+03
5.730000e-06	5.112851e-09	1.544151e-08	4.140006e+01	1.795865e+03
5.740000e-06	5.079593e-09	1.540207e-08	4.113076e+01	1.791640e+03
5.750000e-06	5.046087e-09	1.536445e-08	4.085945e+01	1.787370e+03
5.760000e-06	5.012363e-09	1.532892e-08	4.058639e+01	1.783055e+03
5.770000e-06	4.978416e-09	1.529517e-08	4.031150e+01	1.778692e+03
5.780000e-06	4.944204e-09	1.525933e-08	4.003449e+01	1.774282e+03
5.790000e-06	4.909728e-09	1.522343e-08	3.975532e+01	1.769821e+03
5.800000e-06	4.875027e-09	1.518490e-08	3.947434e+01	1.765309e+03
5.810000e-06	4.840106e-09	1.514584e-08	3.919158e+01	1.760743e+03
5.820000e-06	4.804947e-09	1.510290e-08	3.890689e+01	1.756122e+03
5.830000e-06	4.769588e-09	1.505675e-08	3.862057e+01	1.751444e+03
5.840000e-06	4.734042e-09	1.501260e-08	3.833274e+01	1.746707e+03
5.850000e-06	4.698323e-09	1.497213e-08	3.804352e+01	1.741909e+03
5.860000e-06	4.662452e-09	1.493390e-08	3.775306e+01	1.737047e+03
5.870000e-06	4.626430e-09	1.489182e-08	3.746137e+01	1.732122e+03
5.880000e-06	4.590262e-09	1.484884e-08	3.716851e+01	1.727131e+03
5.890000e-06	4.553952e-09	1.480572e-08	3.687450e+01	1.722074e+03
5.900000e-06	4.517476e-09	1.476296e-08	3.657914e+01	1.716948e+03
5.910000e-06	4.480792e-09	1.471659e-08	3.628210e+01	1.711755e+03
5.920000e-06	4.443920e-09	1.466837e-08	3.598355e+01	1.706492e+03
5.930000e-06	4.406831e-09	1.462600e-08	3.568322e+01	1.701161e+03
5.940000e-06	4.369461e-09	1.458420e-08	3.538064e+01	1.695760e+03
5.950000e-06	4.331816e-09	1.453873e-08	3.507582e+01	1.690291e+03
5.960000e-06	4.293906e-09	1.448927e-08	3.476885e+01	1.684754e+03
5.970000e-06	4.255719e-09	1.444162e-08	3.445965e+01	1.679149e+03
5.980000e-06	4.217223e-09	1.439668e-08	3.414794e+01	1.673477e+03
5.990000e-06	4.178480e-09	1.435067e-08	3.383423e+01	1.667739e+03
6.000000e-06	4.139500e-09	1.430440e-08	3.351860e+01	1.661936e+03
6.010000e-06	4.100262e-09	1.425580e-08	3.320088e+01	1.656068e+03
6.020000e-06	4.060816e-09	1.420623e-08	3.288147e+01	1.650135e+03
6.030000e-06	4.021165e-09	1.415761e-08	3.256041e+01	1.644139e+03
6.040000e-06	3.981334e-09	1.410692e-08	3.223788e+01	1.638080e+03
6.050000e-06	3.941343e-09	1.405179e-08	3.191407e+01	1.631957e+03
6.060000e-06	3.901210e-09	1.399714e-08	3.158909e+01	1.625771e+03
6.070000e-06	3.860915e-09	1.394688e-08	3.126282e+01	1.619520e+03
6.080000e-06	3.820435e-09	1.389906e-08	3.093504e+01	1.613205e+03
6.090000e-06	3.779827e-09	1.384921e-08	3.060622e+01	1.606824e+03
6.100000e-06	3.739087e-09	1.379505e-08	3.027634e+01	1.600375e+03
6.110000e-06	3.698160e-09	1.374033e-08	2.994495e+01	1.593856e+03
6.120000e-06	3.657072e-09	1.368432e-08	2.961224e+01	1.587266e+03
6.130000e-06	3.615836e-09	1.362356e-08	2.927834e+01	1.580601e+03
6.140000e-06	3.574435e-09	1.356144e-08	2.894311e+01	1.573859e+03
6.150000e-06	3.532889e-09	1.350236e-08	2.860670e+01	1.567037e+03
6.160000e-06	3.491182e-09	1.344483e-08	2.826899e+01	1.560130e+03
6.170000e-06	3.449311e-09	1.338688e-08	2.792995e+01	1.553137e+03
6.180000e-06	3.407274e-09	1.332869e-08	2.758957e+01	1.546052e+03
6.190000e-06	3.365087e-09	1.327089e-08	2.724797e+01	1.538873e+03
6.200000e-06	3.322764e-09	1.321287e-08	2.690526e+01	1.531596e+03
6.210000e-06	3.280290e-09	1.314988e-08	2.656134e+01	1.524217e+03
6.220000e-06	3.237674e-09	1.308420e-08	2.621627e+01	1.516732e+03
6.230000e-06	3.194911e-09	1.301969e-08	2.587000e+01	1.509139e+03
6.240000e-06	3.151991e-09	1.295489e-08	2.552247e+01	1.501435e+03
6.250000e-06	3.108942e-09	1.288954e-08	2.517389e+01	1.493616e+03
6.260000e-06	3.065806e-09	1.282336e-08	2.482461e+01	1.485681e+03
6.270000e-06	3.022576e-09	1.275988e-08	2.447456e+01	1.477627e+03
6.280000e-06	2.979232e-09	1.269667e-08	2.412360e+01	1.469453e+03
6.290000e-06	2.935799e-09	1.262782e-08	2.377190e+01	1.461158e+03
6.300000e-06	2.892283e-09	1.255330e-08	2.341954e+01	1.452741e+03
6.310000e-06	2.848668e-09	1.247575e-08	2.306638e+01	1.444202e+03
6.320000e-06	2.804962e-09	1.239888e-08	2.271248e+01	1.435540e+03
6.330000e-06	2.761151e-09	1.232283e-08	2.235773e+01	1.426756e+03
6.340000e-06	2.717236e-09	1.224638e-08	2.200213e+01	1.417851e+03
6.350000e-06	2.673222e-09	1.217167e-08	2.164574e+01	1.408825e+03
6.360000e-06	2.629130e-09	1.209927e-08	2.128872e+01	1.399680e+03
6.370000e-06	2.584962e-09	1.202632e-08	2.093107e+01	1.390417e+03
6.380000e-06	2.540699e-09	1.194851e-08	2.057267e+01	1.381036e+03
6.390000e-06	2.496328e-09	1.186760e-08	2.021338e+01	1.371540e+03
6.400000e-06	2.451829e-09	1.178590e-08	1.985306e+01	1.361929e+03
6.410000e-06	2.407227e-09	1.170192e-08	1.949190e+01	1.352205e+03
6.420000e-06	2.362533e-09	1.161409e-08	1.913000e+01	1.342368e+03
6.430000e-06	2.317736e-09	1.152622e-08	1.876727e+01	1.332417e+03
6.440000e-06	2.272825e-09	1.144370e-08	1.840362e+01	1.322355e+03
6.450000e-06	2.227820e-09	1.136387e-08	1.803920e+01	1.312178e+03
6.460000e-06	2.182719e-09	1.127836e-08	1.767401e+01	1.301888e+03
6.470000e-06	2.137497e-09	1.118572e-08	1.730783e+01	1.291482e+03
6.480000e-06	2.092154e-09	1.109216e-08	1.694068e+01	1.280958e+03
6.490000e-06	2.046724e-09	1.099691e-08	1.657282e+01	1.270314e+03
6.500000e-06	2.001205e-09	1.090083e-08	1.620424e+01	1.259546e+03
6.510000e-06	1.955580e-09	1.080565e-08	1.583481e+01	1.248652e+03
6.520000e-06	1.909854e-09	1.071538e-08	1.546455e+01	1.237626e+03
6.530000e-06	1.864054e-09	1.062743e-08	1.509370e+01	1.226464e+03
6.540000e-06	1.818192e-09	1.053323e-08	1.472234e+01	1.215162e+03
6.550000e-06	1.772254e-09	1.043243e-08	1.435037e+01	1.203713e+03
6.560000e-06	1.726243e-09	1.032674e-08	1.397781e+01	1.192114e+03
6.570000e-06	1.680153e-09	1.022087e-08	1.360461e+01	1.180357e+03
6.580000e-06	1.634008e-09	1.011749e-08	1.323096e+01	1.168437e+03
6.590000e-06	1.587811e-09	1.001708e-08	1.285689e+01	1.156350e+03
6.600000e-06	1.541553e-09	9.914931e-09	1.248232e+01	1.144088e+03
6.610000e-06	1.495248e-09	9.807522e-09	1.210738e+01	1.131647e+03
6.620000e-06	1.448900e-09	9.697894e-09	1.173208e+01	1.119022e+03
6.630000e-06	1.402497e-09	9.586547e-09	1.135635e+01	1.106209e+03
6.640000e-06	1.356026e-09	9.475233e-09	1.098006e+01	1.093203e+03
6.650000e-06	1.309489e-09	9.362258e-09	1.060324e+01	1.080000e+03
6.660000e-06	1.262925e-09	9.249642e-09	1.022619e+01	1.066598e+03
6.670000e-06	1.216328e-09	9.138532e-09	9.848889e+00	1.052995e+03
6.680000e-06	1.169680e-09	9.024684e-09	9.471161e+00	1.039188e+03
6.690000e-06	1.122975e-09	8.906615e-09	9.092979e+00	1.025175e+03
6.700000e-06	1.076241e-09	8.783175e-09	8.714565e+00	1.010958e+03
6.710000e-06	1.029463e-09	8.660815e-09	8.335787e+00	9.965338e+02
6.720000e-06	9.826225e-10	8.538431e-09	7.956508e+00	9.819044e+02
6.730000e-06	9.357500e-10	8.413390e-09	7.576969e+00	9.670699e+02
6.740000e-06	8.888311e-10	8.286311e-09	7.197053e+00	9.520311e+02
6.750000e-06	8.418575e-10	8.157924e-09	6.816694e+00	9.367889e+02
6.760000e-06	7.948279e-10	8.028884e-09	6.435882e+00	9.213445e+02
6.770000e-06	7.477476e-10	7.895581e-09	6.054660e+00	9.056985e+02
6.780000e-06	7.006397e-10	7.758730e-09	5.673215e+00	8.898516e+02
6.790000e-06	6.535091e-10	7.619609e-09	5.291585e+00	8.738039e+02
6.800000e-06	6.063362e-10	7.482874e-09	4.909614e+00	8.575552e+02
6.810000e-06	5.591039e-10	7.347230e-09	4.527161e+00	8.411043e+02
6.820000e-06	5.118437e-10	7.207262e-09	4.144483e+00	8.244492e+02
6.830000e-06	4.645756e-10	7.063065e-09	3.761741e+00	8.075873e+02
6.840000e-06	4.172897e-10	6.917315e-09	3.378855e+00	7.905144e+02
6.850000e-06	3.699791e-10	6.770643e-09	2.995769e+00	7.732256e+02
6.860000e-06	3.226669e-10	6.618716e-09	2.612671e+00	7.557146e+02
6.870000e-06	2.753587e-10	6.461419e-09	2.229605e+00	7.379738e+02
6.880000e-06	2.280177e-10	6.302744e-09	1.846274e+00	7.199944e+02
6.890000e-06	1.806896e-10	6.146330e-09	1.463047e+00	7.017662e+02
6.900000e-06	1.333917e-10	5.990428e-09	1.080063e+00	6.832780e+02
6.910000e-06	8.607949e-11	5.829148e-09	6.969633e-01	6.645171e+02
6.920000e-06	3.873640e-11	5.663005e-09	3.136133e-01	6.454701e+02
6.930000e-06	-8.613600e-12	5.495902e-09	-6.979203e-02	6.261225e+02
6.940000e-06	-5.591802e-11	5.328791e-09	-4.528281e-01	6.064590e+02
6.950000e-06	-1.031691e-10	5.159008e-09	-8.354319e-01	5.864638e+02
6.960000e-06	-1.503929e-10	4.983301e-09	-1.217815e+00	5.661206e+02
6.970000e-06	-1.975988e-10	4.806440e-09	-1.600054e+00	5.454133e+02
6.980000e-06	-2.447683e-10	4.630450e-09	-1.981998e+00	5.243256e+02
6.990000e-06	-2.919023e-10	4.452125e-09	-2.363656e+00	5.028417e+02
7.000000e-06	-3.390360e-10	4.268536e-09	-2.745309e+00	4.809465e+02
7.010000e-06	-3.862033e-10	4.077714e-09	-3.127235e+00	4.586260e+02
7.020000e-06	-4.333456e-10	3.886775e-09	-3.508959e+00	4.358672e+02
7.030000e-06	-4.804343e-10	3.693523e-09	-3.890249e+00	4.126590e+02
7.040000e-06	-5.275062e-10	3.492401e-09	-4.271403e+00	3.889918e+02
7.050000e-06	-5.745423e-10	3.284129e-09	-4.652267e+00	3.648582e+02
7.060000e-06	-6.215579e-10	3.072095e-09	-5.032965e+00	3.402533e+02
7.070000e-06	-6.685760e-10	2.860444e-09	-5.413684e+00	3.151746e+02
7.080000e-06	-7.155570e-10	2.644528e-09	-5.794103e+00	2.896224e+02
7.090000e-06	-7.624952e-10	2.421949e-09	-6.174175e+00	2.635999e+02
7.100000e-06	-8.094281e-10	2.195367e-09	-6.554204e+00	2.371133e+02
7.110000e-06	-8.563374e-10	1.968567e-09	-6.934041e+00	2.101721e+02
7.120000e-06	-9.032152e-10	1.738486e-09	-7.313623e+00	1.827889e+02
7.130000e-06	-9.500525e-10	1.499614e-09	-7.692877e+00	1.549795e+02
7.140000e-06	-9.968605e-10	1.254308e-09	-8.071895e+00	1.267629e+02
7.150000e-06	-1.043645e-09	1.007393e-09	-8.450721e+00	9.816103e+01
7.160000e-06	-1.090372e-09	7.609511e-10	-8.829087e+00	6.919901e+01
7.170000e-06	-1.137045e-09	5.115301e-10	-9.207006e+00	3.990465e+01
7.180000e-06	-1.183684e-09	2.580715e-10	-9.584661e+00	1.030842e+01
7.190000e-06	-1.230280e-09	7.125378e-13	-9.961957e+00	-1.955686e+01
7.200000e-06	-1.276814e-09	-2.579752e-10	-1.033876e+01	-4.965624e+01
7.210000e-06	-1.323295e-09	-5.205398e-10	-1.071513e+01	-7.995294e+01
7.220000e-06	-1.369707e-09	-7.871166e-10	-1.109093e+01	-1.104087e+02
7.230000e-06	-1.416057e-09	-1.050983e-09	-1.146624e+01	-1.409840e+02
7.240000e-06	-1.462345e-09	-1.313993e-09	-1.184106e+01	-1.716387e+02
7.250000e-06	-1.508541e-09	-1.575436e-09	-1.221512e+01	-2.023320e+02
7.260000e-06	-1.554645e-09	-1.838500e-09	-1.258843e+01	-2.330231e+02
7.270000e-06	-1.600689e-09	-2.104726e-09	-1.296126e+01	-2.636715e+02
7.280000e-06	-1.646672e-09	-2.371912e-09	-1.333359e+01	-2.942371e+02
7.290000e-06	-1.692577e-09	-2.638054e-09	-1.370530e+01	-3.246811e+02
7.300000e-06	-1.738382e-09	-2.901177e-09	-1.407620e+01	-3.549657e+02
7.310000e-06	-1.784082e-09	-3.161896e-09	-1.444624e+01	-3.850547e+02
7.320000e-06	-1.829697e-09	-3.415651e-09	-1.481560e+01	-4.149140e+02
7.330000e-06	-1.875221e-09	-3.664733e-09	-1.518422e+01	-4.445112e+02
7.340000e-06	-1.920647e-09	-3.910795e-09	-1.555204e+01	-4.738164e+02
7.350000e-06	-1.965964e-09	-4.157814e-09	-1.591898e+01	-5.028022e+02
7.360000e-06	-2.011193e-09	-4.408753e-09	-1.628522e+01	-5.314437e+02
7.370000e-06	-2.056343e-09	-4.656408e-09	-1.665080e+01	-5.597187e+02
7.380000e-06	-2.101408e-09	-4.897530e-09	-1.701571e+01	-5.876079e+02
7.390000e-06	-2.146424e-09	-5.133418e-09	-1.738022e+01	-6.150945e+02
7.400000e-06	-2.191379e-09	-5.366876e-09	-1.774422e+01	-6.421647e+02
7.410000e-06	-2.236227e-09	-5.592496e-09	-1.810737e+01	-6.688072e+02
7.420000e-06	-2.280984e-09	-5.811682e-09	-1.846978e+01	-6.950135e+02
7.430000e-06	-2.325680e-09	-6.030245e-09	-1.883170e+01	-7.207773e+02
7.440000e-06	-2.370306e-09	-6.249041e-09	-1.919304e+01	-7.460950e+02
7.450000e-06	-2.414831e-09	-6.470403e-09	-1.955358e+01	-7.709649e+02
7.460000e-06	-2.459283e-09	-6.686853e-09	-1.991351e+01	-7.953874e+02
7.470000e-06	-2.503665e-09	-6.897043e-09	-2.027289e+01	-8.193646e+02
7.480000e-06	-2.547944e-09	-7.101166e-09	-2.063142e+01	-8.429004e+02
7.490000e-06	-2.592131e-09	-7.298917e-09	-2.098922e+01	-8.659997e+02
7.500000e-06	-2.636250e-09	-7.492358e-09	-2.134646e+01	-8.886687e+02
7.510000e-06	-2.680278e-09	-7.678933e-09	-2.170298e+01	-9.109145e+02
7.520000e-06	-2.724207e-09	-7.864699e-09	-2.205868e+01	-9.327449e+02
7.530000e-06	-2.768046e-09	-8.050814e-09	-2.241366e+01	-9.541682e+02
7.540000e-06	-2.811791e-09	-8.237698e-09	-2.276788e+01	-9.751928e+02
7.550000e-06	-2.855465e-09	-8.422790e-09	-2.312152e+01	-9.958274e+02
7.560000e-06	-2.899038e-09	-8.600323e-09	-2.347433e+01	-1.016081e+03
7.570000e-06	-2.942479e-09	-8.771546e-09	-2.382609e+01	-1.035961e+03
7.580000e-06	-2.985812e-09	-8.934748e-09	-2.417697e+01	-1.055476e+03
7.590000e-06	-3.029028e-09	-9.093844e-09	-2.452690e+01	-1.074634e+03
7.600000e-06	-3.072100e-09	-9.251100e-09	-2.487566e+01	-1.093442e+03
7.610000e-06	-3.115025e-09	-9.407910e-09	-2.522324e+01	-1.111907e+03
7.620000e-06	-3.157800e-09	-9.566119e-09	-2.556960e+01	-1.130035e+03
7.630000e-06	-3.200416e-09	-9.722871e-09	-2.591468e+01	-1.147831e+03
7.640000e-06	-3.242882e-09	-9.877551e-09	-2.625853e+01	-1.165300e+03
7.650000e-06	-3.285192e-09	-1.002709e-08	-2.660113e+01	-1.182448e+03
7.660000e-06	-3.327355e-09	-1.017263e-08	-2.694253e+01	-1.199279e+03
7.670000e-06	-3.369351e-09	-1.031474e-08	-2.728259e+01	-1.215795e+03
7.680000e-06	-3.411175e-09	-1.045376e-08	-2.762125e+01	-1.232001e+03
7.690000e-06	-3.452820e-09	-1.059084e-08	-2.795846e+01	-1.247899e+03
7.700000e-06	-3.494304e-09	-1.072451e-08	-2.829436e+01	-1.263494e+03
7.710000e-06	-3.535662e-09	-1.085527e-08	-2.862925e+01	-1.278787e+03
7.720000e-06	-3.576852e-09	-1.098293e-08	-2.896278e+01	-1.293781e+03
7.730000e-06	-3.617876e-09	-1.110917e-08	-2.929496e+01	-1.308481e+03
7.740000e-06	-3.658779e-09	-1.123312e-08	-2.962616e+01	-1.322888e+03
7.750000e-06	-3.699534e-09	-1.135624e-08	-2.995617e+01	-1.337007e+03
7.760000e-06	-3.740140e-09	-1.147814e-08	-3.028496e+01	-1.350842e+03
7.770000e-06	-3.780640e-09	-1.159586e-08	-3.061290e+01	-1.364395e+03
7.780000e-06	-3.821023e-09	-1.170994e-08	-3.093989e+01	-1.377673e+03
7.790000e-06	-3.861269e-09	-1.182094e-08	-3.126578e+01	-1.390679e+03
7.800000e-06	-3.901391e-09	-1.193056e-08	-3.159066e+01	-1.403419e+03
7.810000e-06	-3.941387e-09	-1.203792e-08	-3.191452e+01	-1.415898e+03
7.820000e-06	-3.981252e-09	-1.214464e-08	-3.223732e+01	-1.428123e+03
7.830000e-06	-4.020987e-09	-1.225114e-08	-3.255907e+01	-1.440100e+03
7.840000e-06	-4.060583e-09	-1.235573e-08	-3.287968e+01	-1.451835e+03
7.850000e-06	-4.099994e-09	-1.245711e-08	-3.319880e+01	-1.463335e+03
7.860000e-06	-4.139189e-09	-1.255416e-08	-3.351618e+01	-1.474607e+03
7.870000e-06	-4.178144e-09	-1.264879e-08	-3.383160e+01	-1.485659e+03
7.880000e-06	-4.216821e-09	-1.274161e-08	-3.414478e+01	-1.496496e+03
7.890000e-06	-4.255201e-09	-1.283355e-08	-3.445554e+01	-1.507127e+03
7.900000e-06	-4.293263e-09	-1.292415e-08	-3.476374e+01	-1.517558e+03
7.910000e-06	-4.331014e-09	-1.301433e-08	-3.506942e+01	-1.527797e+03
7.920000e-06	-4.368446e-09	-1.310482e-08	-3.537251e+01	-1.537848e+03
7.930000e-06	-4.405576e-09	-1.319369e-08	-3.567316e+01	-1.547719e+03
7.940000e-06	-4.442437e-09	-1.327884e-08	-3.597163e+01	-1.557416e+03
7.950000e-06	-4.479067e-09	-1.336137e-08	-3.626823e+01	-1.566943e+03
7.960000e-06	-4.515511e-09	-1.344529e-08	-3.656333e+01	-1.576306e+03
7.970000e-06	-4.551792e-09	-1.353005e-08	-3.685711e+01	-1.585509e+03
7.980000e-06	-4.587917e-09	-1.361153e-08	-3.714962e+01	-1.594556e+03
7.990000e-06	-4.623879e-09	-1.368847e-08	-3.744081e+01	-1.603450e+03
8.000000e-06	-4.659677e-09	-1.376240e-08	-3.773068e+01	-1.612194e+03
8.010000e-06	-4.695291e-09	-1.383455e-08	-3.801905e+01	-1.620791e+03
8.020000e-06	-4.730729e-09	-1.390721e-08	-3.830601e+01	-1.629243e+03
8.030000e-06	-4.765993e-09	-1.398113e-08	-3.859155e+01	-1.637551e+03
8.040000e-06	-4.801061e-09	-1.405585e-08	-3.887550e+01	-1.645717e+03
8.050000e-06	-4.835909e-09	-1.412870e-08	-3.915768e+01	-1.653741e+03
8.060000e-06	-4.870535e-09	-1.419697e-08	-3.943805e+01	-1.661625e+03
8.070000e-06	-4.904934e-09	-1.426221e-08	-3.971659e+01	-1.669368e+03
8.080000e-06	-4.939088e-09	-1.432595e-08	-3.999315e+01	-1.676972e+03
8.090000e-06	-4.973018e-09	-1.438834e-08	-4.026788e+01	-1.684437e+03
8.100000e-06	-5.006736e-09	-1.445061e-08	-4.054091e+01	-1.691762e+03
8.110000e-06	-5.040254e-09	-1.451484e-08	-4.081231e+01	-1.698950e+03
8.120000e-06	-5.073565e-09	-1.457695e-08	-4.108203e+01	-1.705999e+03
8.130000e-06	-5.106632e-09	-1.463372e-08	-4.134978e+01	-1.712913e+03
8.140000e-06	-5.139457e-09	-1.468965e-08	-4.161557e+01	-1.719690e+03
8.150000e-06	-5.172091e-09	-1.474528e-08	-4.187982e+01	-1.726334e+03
8.160000e-06	-5.204527e-09	-1.480014e-08	-4.214247e+01	-1.732845e+03
8.170000e-06	-5.236769e-09	-1.485332e-08	-4.240354e+01	-1.739226e+03
8.180000e-06	-5.268872e-09	-1.490538e-08	-4.266348e+01	-1.745478e+03
8.190000e-06	-5.300808e-09	-1.495881e-08	-4.292208e+01	-1.751606e+03
8.200000e-06	-5.332526e-09	-1.501266e-08	-4.317891e+01	-1.757611e+03
8.210000e-06	-5.363992e-09	-1.506521e-08	-4.343370e+01	-1.763498e+03
8.220000e-06	-5.395175e-09	-1.511246e-08	-4.368620e+01	-1.769269e+03
8.230000e-06	-5.426032e-09	-1.515860e-08	-4.393605e+01	-1.774928e+03
8.240000e-06	-5.456501e-09	-1.520593e-08	-4.418277e+01	-1.780480e+03
8.250000e-06	-5.486563e-09	-1.525179e-08	-4.442619e+01	-1.785928e+03
8.260000e-06	-5.516224e-09	-1.529539e-08	-4.466636e+01	-1.791276e+03
8.270000e-06	-5.545482e-09	-1.533662e-08	-4.490327e+01	-1.796529e+03
8.280000e-06	-5.574368e-09	-1.537886e-08	-4.513716e+01	-1.801690e+03
8.290000e-06	-5.602962e-09	-1.541917e-08	-4.536869e+01	-1.806763e+03
8.300000e-06	-5.631338e-09	-1.545810e-08	-4.559846e+01	-1.811752e+03
8.310000e-06	-5.659535e-09	-1.549766e-08	-4.582678e+01	-1.816660e+03
8.320000e-06	-5.687581e-09	-1.553915e-08	-4.605388e+01	-1.821490e+03
8.330000e-06	-5.715465e-09	-1.558027e-08	-4.627966e+01	-1.826246e+03
8.340000e-06	-5.743153e-09	-1.561897e-08	-4.650385e+01	-1.830929e+03
8.350000e-06	-5.770600e-09	-1.565789e-08	-4.672610e+01	-1.835542e+03
8.360000e-06	-5.797793e-09	-1.569520e-08	-4.694629e+01	-1.840087e+03
8.370000e-06	-5.824706e-09	-1.573332e-08	-4.716421e+01	-1.844564e+03
8.380000e-06	-5.851319e-09	-1.577088e-08	-4.737970e+01	-1.848975e+03
8.390000e-06	-5.877669e-09	-1.580777e-08	-4.759306e+01	-1.853320e+03
8.400000e-06	-5.903763e-09	-1.584603e-08	-4.780436e+01	-1.857599e+03
8.410000e-06	-5.929589e-09	-1.588428e-08	-4.801348e+01	-1.861813e+03
8.420000e-06	-5.955143e-09	-1.592083e-08	-4.822039e+01	-1.865961e+03
8.430000e-06	-5.980408e-09	-1.595301e-08	-4.842497e+01	-1.870042e+03
8.440000e-06	-6.005392e-09	-1.598610e-08	-4.862727e+01	-1.874056e+03
8.450000e-06	-6.030111e-09	-1.602173e-08	-4.882742e+01	-1.878001e+03
8.460000e-06	-6.054587e-09	-1.605560e-08	-4.902561e+01	-1.881877e+03
8.470000e-06	-6.078895e-09	-1.609229e-08	-4.922244e+01	-1.885683e+03
8.480000e-06	-6.103062e-09	-1.612946e-08	-4.941813e+01	-1.889417e+03
8.490000e-06	-6.127053e-09	-1.616367e-08	-4.961239e+01	-1.893079e+03
8.500000e-06	-6.150850e-09	-1.619350e-08	-4.980508e+01	-1.896669e+03
8.510000e-06	-6.174417e-09	-1.621625e-08	-4.999591e+01	-1.900185e+03
8.520000e-06	-6.197686e-09	-1.623898e-08	-5.018433e+01	-1.903628e+03
8.530000e-06	-6.220572e-09	-1.626674e-08	-5.036964e+01	-1.906997e+03
8.540000e-06	-6.243044e-09	-1.630000e-08	-5.055159e+01	-1.910293e+03
8.550000e-06	-6.265070e-09	-1.633536e-08	-5.072995e+01	-1.913517e+03
8.560000e-06	-6.286601e-09	-1.637050e-08	-5.090428e+01	-1.916669e+03
8.570000e-06	-6.307701e-09	-1.640474e-08	-5.107513e+01	-1.919750e+03
8.580000e-06	-6.328430e-09	-1.643305e-08	-5.124298e+01	-1.922763e+03
8.590000e-06	-6.348860e-09	-1.645404e-08	-5.140840e+01	-1.925709e+03
8.600000e-06	-6.369093e-09	-1.647043e-08	-5.157224e+01	-1.928589e+03
8.610000e-06	-6.389156e-09	-1.648730e-08	-5.173469e+01	-1.931407e+03
8.620000e-06	-6.409049e-09	-1.651145e-08	-5.189577e+01	-1.934164e+03
8.630000e-06	-6.428724e-09	-1.654078e-08	-5.205509e+01	-1.936863e+03
8.640000e-06	-6.448120e-09	-1.657362e-08	-5.221214e+01	-1.939506e+03
8.650000e-06	-6.467207e-09	-1.660768e-08	-5.236669e+01	-1.942097e+03
8.660000e-06	-6.485992e-09	-1.663805e-08	-5.251880e+01	-1.944637e+03
8.670000e-06	-6.504474e-09	-1.666371e-08	-5.266845e+01	-1.947129e+03
8.680000e-06	-6.522671e-09	-1.668453e-08	-5.281580e+01	-1.949575e+03
8.690000e-06	-6.540627e-09	-1.670323e-08	-5.296120e+01	-1.951976e+03
8.700000e-06	-6.558328e-09	-1.672163e-08	-5.310452e+01	-1.954336e+03
8.710000e-06	-6.575730e-09	-1.674042e-08	-5.324543e+01	-1.956654e+03
8.720000e-06	-6.592810e-09	-1.676180e-08	-5.338373e+01	-1.958933e+03
8.730000e-06	-6.609578e-09	-1.678731e-08	-5.351951e+01	-1.961173e+03
8.740000e-06	-6.626074e-09	-1.681393e-08	-5.365308e+01	-1.963374e+03
8.750000e-06	-6.642360e-09	-1.683796e-08	-5.378495e+01	-1.965536e+03
8.760000e-06	-6.658492e-09	-1.685858e-08	-5.391558e+01	-1.967660e+03
8.770000e-06	-6.674444e-09	-1.687749e-08	-5.404475e+01	-1.969744e+03
8.780000e-06	-6.690131e-09	-1.689567e-08	-5.417177e+01	-1.971787e+03
8.790000e-06	-6.705457e-09	-1.691067e-08	-5.429587e+01	-1.973789e+03
8.800000e-06	-6.720323e-09	-1.692167e-08	-5.441624e+01	-1.975749e+03
8.810000e-06	-6.734665e-09	-1.693330e-08	-5.453236e+01	-1.977663e+03
8.820000e-06	-6.748485e-09	-1.695020e-08	-5.464427e+01	-1.979532e+03
8.830000e-06	-6.761822e-09	-1.697102e-08	-5.475226e+01	-1.981352e+03
8.840000e-06	-6.774738e-09	-1.699047e-08	-5.485685e+01	-1.983122e+03
8.850000e-06	-6.787332e-09	-1.700768e-08	-5.495882e+01	-1.984842e+03
8.860000e-06	-6.799638e-09	-1.702567e-08	-5.505846e+01	-1.986508e+03
8.870000e-06	-6.811658e-09	-1.704377e-08	-5.515579e+01	-1.988119e+03
8.880000e-06	-6.823398e-09	-1.705671e-08	-5.525086e+01	-1.989675e+03
8.890000e-06	-6.834814e-09	-1.706422e-08	-5.534329e+01	-1.991175e+03
8.900000e-06	-6.845885e-09	-1.707224e-08	-5.543293e+01	-1.992617e+03
8.910000e-06	-6.856622e-09	-1.708279e-08	-5.551987e+01	-1.994002e+03
8.920000e-06	-6.867053e-09	-1.709600e-08	-5.560434e+01	-1.995330e+03
8.930000e-06	-6.877201e-09	-1.710972e-08	-5.568651e+01	-1.996601e+03
8.940000e-06	-6.887058e-09	-1.712403e-08	-5.576632e+01	-1.997816e+03
8.950000e-06	-6.896615e-09	-1.713723e-08	-5.584371e+01	-1.998977e+03
8.960000e-06	-6.905824e-09	-1.714721e-08	-5.591827e+01	-2.000085e+03
8.970000e-06	-6.914705e-09	-1.715586e-08	-5.599018e+01	-2.001142e+03
8.980000e-06	-6.923308e-09	-1.716265e-08	-5.605985e+01	-2.002150e+03
8.990000e-06	-6.931660e-09	-1.717070e-08	-5.612747e+01	-2.003112e+03
9.000000e-06	-6.939813e-09	-1.717991e-08	-5.619350e+01	-2.004030e+03
9.010000e-06	-6.947790e-09	-1.719062e-08	-5.625809e+01	-2.004907e+03
9.020000e-06	-6.955554e-09	-1.720200e-08	-5.632095e+01	-2.005746e+03
9.030000e-06	-6.963010e-09	-1.720884e-08	-5.638133e+01	-2.006549e+03
9.040000e-06	-6.970075e-09	-1.721259e-08	-5.643853e+01	-2.007320e+03
9.050000e-06	-6.976681e-09	-1.721482e-08	-5.649202e+01	-2.008060e+03
9.060000e-06	-6.982764e-09	-1.722041e-08	-5.654127e+01	-2.008772e+03
9.070000e-06	-6.988302e-09	-1.722988e-08	-5.658612e+01	-2.009457e+03
9.080000e-06	-6.993341e-09	-1.723975e-08	-5.662692e+01	-2.010118e+03
9.090000e-06	-6.997990e-09	-1.724544e-08	-5.666456e+01	-2.010755e+03
9.100000e-06	-7.002384e-09	-1.724670e-08	-5.670015e+01	-2.011368e+03
9.110000e-06	-7.006590e-09	-1.724845e-08	-5.673420e+01	-2.011958e+03
9.120000e-06	-7.010629e-09	-1.725007e-08	-5.676690e+01	-2.012524e+03
9.130000e-06	-7.014505e-09	-1.725473e-08	-5.679829e+01	-2.013066e+03
9.140000e-06	-7.018132e-09	-1.726057e-08	-5.682766e+01	-2.013581e+03
9.150000e-06	-7.021430e-09	-1.726491e-08	-5.685437e+01	-2.014067e+03
9.160000e-06	-7.024387e-09	-1.726859e-08	-5.687831e+01	-2.014523e+03
9.170000e-06	-7.027019e-09	-1.727136e-08	-5.689962e+01	-2.014944e+03
9.180000e-06	-7.029382e-09	-1.727260e-08	-5.691875e+01	-2.015327e+03
9.190000e-06	-7.031520e-09	-1.727245e-08	-5.693607e+01	-2.015670e+03
9.200000e-06	-7.033412e-09	-1.727404e-08	-5.695138e+01	-2.015966e+03
9.210000e-06	-7.034891e-09	-1.727636e-08	-5.696336e+01	-2.016213e+03
9.220000e-06	-7.035945e-09	-1.727868e-08	-5.697190e+01	-2.016406e+03
9.230000e-06	-7.036733e-09	-1.727942e-08	-5.697827e+01	-2.016541e+03
9.240000e-06	-7.037275e-09	-1.727773e-08	-5.698266e+01	-2.016614e+03
