# Temperatura_=_20.0
# Concentracion g/m^3_=_18000.0
# C_Vs_to_Am_M_A/Vsm_=_116720831517.84952
# pendiente_HvsI_1/m_=_3716.3
# ordenada_HvsI_A/m_=_1297.0
# frecuencia_Hz_=_108161.4563565451
# Promedio de 20 ciclos

Tiempo_(s)	Campo_(V.s)	Magnetizacion_(V.s)	Campo_(kA/m)	Magnetizacion_(A/m)
0.000000e+00	-7.033622e-09	-1.711721e-08	-5.698192e+01	-2.000149e+03
1.000000e-08	-7.033829e-09	-1.711434e-08	-5.698359e+01	-2.000236e+03
2.000000e-08	-7.033867e-09	-1.711365e-08	-5.698390e+01	-2.000283e+03
3.000000e-08	-7.033692e-09	-1.711436e-08	-5.698249e+01	-2.000291e+03
4.000000e-08	-7.033231e-09	-1.711518e-08	-5.697875e+01	-2.000256e+03
5.000000e-08	-7.032430e-09	-1.711523e-08	-5.697226e+01	-2.000179e+03
6.000000e-08	-7.031201e-09	-1.711090e-08	-5.696231e+01	-2.000059e+03
7.000000e-08	-7.029503e-09	-1.710237e-08	-5.694855e+01	-1.999895e+03
8.000000e-08	-7.027295e-09	-1.709360e-08	-5.693067e+01	-1.999686e+03
9.000000e-08	-7.024553e-09	-1.709724e-08	-5.690845e+01	-1.999433e+03
1.000000e-07	-7.021327e-09	-1.712027e-08	-5.688232e+01	-1.999136e+03
1.100000e-07	-7.017725e-09	-1.713926e-08	-5.685315e+01	-1.998794e+03
1.200000e-07	-7.013902e-09	-1.712398e-08	-5.682217e+01	-1.998409e+03
1.300000e-07	-7.009927e-09	-1.707220e-08	-5.678997e+01	-1.997980e+03
1.400000e-07	-7.005745e-09	-1.706642e-08	-5.675609e+01	-1.997510e+03
1.500000e-07	-7.001262e-09	-1.710076e-08	-5.671977e+01	-1.996999e+03
1.600000e-07	-6.996438e-09	-1.711833e-08	-5.668070e+01	-1.996447e+03
1.700000e-07	-6.991301e-09	-1.712808e-08	-5.663908e+01	-1.995858e+03
1.800000e-07	-6.985830e-09	-1.713849e-08	-5.659476e+01	-1.995231e+03
1.900000e-07	-6.980028e-09	-1.722680e-08	-5.654775e+01	-1.994570e+03
2.000000e-07	-6.973901e-09	-1.725158e-08	-5.649812e+01	-1.993874e+03
2.100000e-07	-6.967442e-09	-1.719898e-08	-5.644579e+01	-1.993147e+03
2.200000e-07	-6.960637e-09	-1.726600e-08	-5.639067e+01	-1.992390e+03
2.300000e-07	-6.953470e-09	-1.726747e-08	-5.633261e+01	-1.991603e+03
2.400000e-07	-6.946008e-09	-1.719071e-08	-5.627215e+01	-1.990790e+03
2.500000e-07	-6.938304e-09	-1.720269e-08	-5.620974e+01	-1.989950e+03
2.600000e-07	-6.930415e-09	-1.722637e-08	-5.614583e+01	-1.989085e+03
2.700000e-07	-6.922343e-09	-1.717067e-08	-5.608043e+01	-1.988197e+03
2.800000e-07	-6.914036e-09	-1.716274e-08	-5.601314e+01	-1.987286e+03
2.900000e-07	-6.905447e-09	-1.718446e-08	-5.594356e+01	-1.986352e+03
3.000000e-07	-6.896482e-09	-1.711831e-08	-5.587093e+01	-1.985396e+03
3.100000e-07	-6.887074e-09	-1.713646e-08	-5.579472e+01	-1.984419e+03
3.200000e-07	-6.877180e-09	-1.716323e-08	-5.571456e+01	-1.983419e+03
3.300000e-07	-6.866758e-09	-1.711757e-08	-5.563014e+01	-1.982397e+03
3.400000e-07	-6.855877e-09	-1.712660e-08	-5.554199e+01	-1.981352e+03
3.500000e-07	-6.844642e-09	-1.713386e-08	-5.545097e+01	-1.980284e+03
3.600000e-07	-6.833093e-09	-1.709164e-08	-5.535741e+01	-1.979191e+03
3.700000e-07	-6.821248e-09	-1.709295e-08	-5.526145e+01	-1.978073e+03
3.800000e-07	-6.809113e-09	-1.709245e-08	-5.516313e+01	-1.976928e+03
3.900000e-07	-6.796658e-09	-1.705447e-08	-5.506224e+01	-1.975754e+03
4.000000e-07	-6.783879e-09	-1.707519e-08	-5.495871e+01	-1.974552e+03
4.100000e-07	-6.770753e-09	-1.706854e-08	-5.485237e+01	-1.973318e+03
4.200000e-07	-6.757270e-09	-1.703054e-08	-5.474314e+01	-1.972052e+03
4.300000e-07	-6.743470e-09	-1.703364e-08	-5.463134e+01	-1.970752e+03
4.400000e-07	-6.729316e-09	-1.702944e-08	-5.451668e+01	-1.969417e+03
4.500000e-07	-6.714723e-09	-1.700890e-08	-5.439846e+01	-1.968046e+03
4.600000e-07	-6.699612e-09	-1.699316e-08	-5.427604e+01	-1.966637e+03
4.700000e-07	-6.684040e-09	-1.699148e-08	-5.414989e+01	-1.965189e+03
4.800000e-07	-6.668028e-09	-1.697200e-08	-5.402017e+01	-1.963702e+03
4.900000e-07	-6.651611e-09	-1.695733e-08	-5.388717e+01	-1.962174e+03
5.000000e-07	-6.634854e-09	-1.694158e-08	-5.375142e+01	-1.960605e+03
5.100000e-07	-6.617788e-09	-1.691069e-08	-5.361316e+01	-1.958995e+03
5.200000e-07	-6.600495e-09	-1.690125e-08	-5.347307e+01	-1.957344e+03
5.300000e-07	-6.582932e-09	-1.689162e-08	-5.333078e+01	-1.955651e+03
5.400000e-07	-6.565056e-09	-1.687307e-08	-5.318596e+01	-1.953916e+03
5.500000e-07	-6.546895e-09	-1.685485e-08	-5.303883e+01	-1.952139e+03
5.600000e-07	-6.528468e-09	-1.684448e-08	-5.288955e+01	-1.950322e+03
5.700000e-07	-6.509716e-09	-1.682916e-08	-5.273764e+01	-1.948464e+03
5.800000e-07	-6.490618e-09	-1.681256e-08	-5.258292e+01	-1.946565e+03
5.900000e-07	-6.471231e-09	-1.679074e-08	-5.242586e+01	-1.944627e+03
6.000000e-07	-6.451620e-09	-1.676584e-08	-5.226699e+01	-1.942650e+03
6.100000e-07	-6.431832e-09	-1.675578e-08	-5.210668e+01	-1.940635e+03
6.200000e-07	-6.411881e-09	-1.673960e-08	-5.194505e+01	-1.938582e+03
6.300000e-07	-6.391770e-09	-1.671910e-08	-5.178211e+01	-1.936492e+03
6.400000e-07	-6.371467e-09	-1.669486e-08	-5.161763e+01	-1.934365e+03
6.500000e-07	-6.350933e-09	-1.667816e-08	-5.145128e+01	-1.932202e+03
6.600000e-07	-6.330151e-09	-1.666229e-08	-5.128292e+01	-1.930003e+03
6.700000e-07	-6.309093e-09	-1.664021e-08	-5.111232e+01	-1.927768e+03
6.800000e-07	-6.287724e-09	-1.661867e-08	-5.093920e+01	-1.925498e+03
6.900000e-07	-6.266085e-09	-1.659527e-08	-5.076390e+01	-1.923192e+03
7.000000e-07	-6.244189e-09	-1.658188e-08	-5.058651e+01	-1.920850e+03
7.100000e-07	-6.222002e-09	-1.656083e-08	-5.040677e+01	-1.918472e+03
7.200000e-07	-6.199551e-09	-1.653512e-08	-5.022489e+01	-1.916057e+03
7.300000e-07	-6.176837e-09	-1.651077e-08	-5.004087e+01	-1.913605e+03
7.400000e-07	-6.153823e-09	-1.649071e-08	-4.985443e+01	-1.911116e+03
7.500000e-07	-6.130533e-09	-1.647495e-08	-4.966575e+01	-1.908588e+03
7.600000e-07	-6.107006e-09	-1.645014e-08	-4.947515e+01	-1.906020e+03
7.700000e-07	-6.083249e-09	-1.642434e-08	-4.928269e+01	-1.903413e+03
7.800000e-07	-6.059273e-09	-1.639715e-08	-4.908845e+01	-1.900765e+03
7.900000e-07	-6.035050e-09	-1.637482e-08	-4.889221e+01	-1.898076e+03
8.000000e-07	-6.010517e-09	-1.635186e-08	-4.869346e+01	-1.895344e+03
8.100000e-07	-5.985623e-09	-1.632650e-08	-4.849179e+01	-1.892569e+03
8.200000e-07	-5.960338e-09	-1.630480e-08	-4.828695e+01	-1.889750e+03
8.300000e-07	-5.934616e-09	-1.628190e-08	-4.807857e+01	-1.886887e+03
8.400000e-07	-5.908412e-09	-1.625780e-08	-4.786628e+01	-1.883979e+03
8.500000e-07	-5.881761e-09	-1.622760e-08	-4.765038e+01	-1.881026e+03
8.600000e-07	-5.854759e-09	-1.619772e-08	-4.743163e+01	-1.878028e+03
8.700000e-07	-5.827471e-09	-1.617114e-08	-4.721056e+01	-1.874984e+03
8.800000e-07	-5.799946e-09	-1.615049e-08	-4.698757e+01	-1.871895e+03
8.900000e-07	-5.772209e-09	-1.613081e-08	-4.676287e+01	-1.868761e+03
9.000000e-07	-5.744270e-09	-1.610528e-08	-4.653652e+01	-1.865582e+03
9.100000e-07	-5.716140e-09	-1.607805e-08	-4.630863e+01	-1.862359e+03
9.200000e-07	-5.687812e-09	-1.604889e-08	-4.607913e+01	-1.859092e+03
9.300000e-07	-5.659288e-09	-1.602002e-08	-4.584805e+01	-1.855782e+03
9.400000e-07	-5.630524e-09	-1.598835e-08	-4.561502e+01	-1.852429e+03
9.500000e-07	-5.601501e-09	-1.595733e-08	-4.537989e+01	-1.849035e+03
9.600000e-07	-5.572241e-09	-1.592892e-08	-4.514285e+01	-1.845599e+03
9.700000e-07	-5.542755e-09	-1.590140e-08	-4.490397e+01	-1.842122e+03
9.800000e-07	-5.513041e-09	-1.587273e-08	-4.466325e+01	-1.838605e+03
9.900000e-07	-5.483107e-09	-1.583985e-08	-4.442074e+01	-1.835048e+03
1.000000e-06	-5.452961e-09	-1.581049e-08	-4.417652e+01	-1.831453e+03
1.010000e-06	-5.422590e-09	-1.578305e-08	-4.393047e+01	-1.827817e+03
1.020000e-06	-5.391991e-09	-1.575161e-08	-4.368259e+01	-1.824143e+03
1.030000e-06	-5.361174e-09	-1.571778e-08	-4.343293e+01	-1.820430e+03
1.040000e-06	-5.330167e-09	-1.568444e-08	-4.318173e+01	-1.816677e+03
1.050000e-06	-5.298955e-09	-1.565352e-08	-4.292887e+01	-1.812884e+03
1.060000e-06	-5.267527e-09	-1.562086e-08	-4.267425e+01	-1.809049e+03
1.070000e-06	-5.235911e-09	-1.558362e-08	-4.241813e+01	-1.805174e+03
1.080000e-06	-5.204120e-09	-1.554520e-08	-4.216058e+01	-1.801255e+03
1.090000e-06	-5.172150e-09	-1.551054e-08	-4.190158e+01	-1.797292e+03
1.100000e-06	-5.139940e-09	-1.548110e-08	-4.164063e+01	-1.793283e+03
1.110000e-06	-5.107461e-09	-1.544864e-08	-4.137750e+01	-1.789226e+03
1.120000e-06	-5.074694e-09	-1.541060e-08	-4.111205e+01	-1.785120e+03
1.130000e-06	-5.041596e-09	-1.537345e-08	-4.084391e+01	-1.780964e+03
1.140000e-06	-5.008181e-09	-1.533628e-08	-4.057321e+01	-1.776754e+03
1.150000e-06	-4.974446e-09	-1.529472e-08	-4.029992e+01	-1.772489e+03
1.160000e-06	-4.940363e-09	-1.525025e-08	-4.002380e+01	-1.768167e+03
1.170000e-06	-4.905925e-09	-1.521053e-08	-3.974481e+01	-1.763787e+03
1.180000e-06	-4.871140e-09	-1.517938e-08	-3.946301e+01	-1.759345e+03
1.190000e-06	-4.836068e-09	-1.515089e-08	-3.917888e+01	-1.754842e+03
1.200000e-06	-4.800774e-09	-1.511538e-08	-3.889296e+01	-1.750274e+03
1.210000e-06	-4.765278e-09	-1.507116e-08	-3.860539e+01	-1.745641e+03
1.220000e-06	-4.729589e-09	-1.502439e-08	-3.831626e+01	-1.740941e+03
1.230000e-06	-4.693712e-09	-1.497573e-08	-3.802560e+01	-1.736174e+03
1.240000e-06	-4.657660e-09	-1.492609e-08	-3.773354e+01	-1.731338e+03
1.250000e-06	-4.621427e-09	-1.487865e-08	-3.743999e+01	-1.726434e+03
1.260000e-06	-4.585025e-09	-1.483721e-08	-3.714509e+01	-1.721460e+03
1.270000e-06	-4.548476e-09	-1.480010e-08	-3.684899e+01	-1.716417e+03
1.280000e-06	-4.511750e-09	-1.475933e-08	-3.655146e+01	-1.711304e+03
1.290000e-06	-4.474847e-09	-1.471323e-08	-3.625250e+01	-1.706123e+03
1.300000e-06	-4.437789e-09	-1.466421e-08	-3.595228e+01	-1.700873e+03
1.310000e-06	-4.400544e-09	-1.461549e-08	-3.565054e+01	-1.695556e+03
1.320000e-06	-4.363103e-09	-1.456484e-08	-3.534722e+01	-1.690171e+03
1.330000e-06	-4.325462e-09	-1.451444e-08	-3.504228e+01	-1.684721e+03
1.340000e-06	-4.287634e-09	-1.446754e-08	-3.473582e+01	-1.679205e+03
1.350000e-06	-4.249629e-09	-1.442321e-08	-3.442793e+01	-1.673624e+03
1.360000e-06	-4.211441e-09	-1.437859e-08	-3.411856e+01	-1.667980e+03
1.370000e-06	-4.173062e-09	-1.432931e-08	-3.380764e+01	-1.662273e+03
1.380000e-06	-4.134463e-09	-1.427804e-08	-3.349493e+01	-1.656504e+03
1.390000e-06	-4.095707e-09	-1.422611e-08	-3.318096e+01	-1.650672e+03
1.400000e-06	-4.056797e-09	-1.417416e-08	-3.286574e+01	-1.644778e+03
1.410000e-06	-4.017703e-09	-1.412174e-08	-3.254902e+01	-1.638823e+03
1.420000e-06	-3.978468e-09	-1.406910e-08	-3.223116e+01	-1.632805e+03
1.430000e-06	-3.939100e-09	-1.401707e-08	-3.191223e+01	-1.626724e+03
1.440000e-06	-3.899573e-09	-1.396315e-08	-3.159201e+01	-1.620579e+03
1.450000e-06	-3.859879e-09	-1.390705e-08	-3.127043e+01	-1.614368e+03
1.460000e-06	-3.820029e-09	-1.385064e-08	-3.094759e+01	-1.608091e+03
1.470000e-06	-3.780020e-09	-1.379694e-08	-3.062346e+01	-1.601745e+03
1.480000e-06	-3.739843e-09	-1.374448e-08	-3.029797e+01	-1.595327e+03
1.490000e-06	-3.699499e-09	-1.369116e-08	-2.997113e+01	-1.588837e+03
1.500000e-06	-3.659008e-09	-1.363495e-08	-2.964310e+01	-1.582270e+03
1.510000e-06	-3.618335e-09	-1.357643e-08	-2.931360e+01	-1.575624e+03
1.520000e-06	-3.577430e-09	-1.351742e-08	-2.898222e+01	-1.568897e+03
1.530000e-06	-3.536295e-09	-1.345569e-08	-2.864897e+01	-1.562084e+03
1.540000e-06	-3.494979e-09	-1.339386e-08	-2.831425e+01	-1.555183e+03
1.550000e-06	-3.453429e-09	-1.333468e-08	-2.797765e+01	-1.548190e+03
1.560000e-06	-3.411606e-09	-1.327804e-08	-2.763883e+01	-1.541103e+03
1.570000e-06	-3.369571e-09	-1.322193e-08	-2.729830e+01	-1.533918e+03
1.580000e-06	-3.327313e-09	-1.316176e-08	-2.695595e+01	-1.526633e+03
1.590000e-06	-3.284836e-09	-1.309472e-08	-2.661184e+01	-1.519244e+03
1.600000e-06	-3.242178e-09	-1.302416e-08	-2.626625e+01	-1.511750e+03
1.610000e-06	-3.199321e-09	-1.295452e-08	-2.591906e+01	-1.504148e+03
1.620000e-06	-3.156281e-09	-1.288562e-08	-2.557038e+01	-1.496436e+03
1.630000e-06	-3.113125e-09	-1.281628e-08	-2.522075e+01	-1.488613e+03
1.640000e-06	-3.069847e-09	-1.274726e-08	-2.487015e+01	-1.480678e+03
1.650000e-06	-3.026455e-09	-1.268031e-08	-2.451860e+01	-1.472628e+03
1.660000e-06	-2.982950e-09	-1.261207e-08	-2.416616e+01	-1.464465e+03
1.670000e-06	-2.939326e-09	-1.254133e-08	-2.381275e+01	-1.456188e+03
1.680000e-06	-2.895603e-09	-1.247074e-08	-2.345853e+01	-1.447796e+03
1.690000e-06	-2.851753e-09	-1.239946e-08	-2.310328e+01	-1.439290e+03
1.700000e-06	-2.807781e-09	-1.232547e-08	-2.274704e+01	-1.430670e+03
1.710000e-06	-2.763718e-09	-1.224440e-08	-2.239008e+01	-1.421937e+03
1.720000e-06	-2.719562e-09	-1.215885e-08	-2.203235e+01	-1.413092e+03
1.730000e-06	-2.675312e-09	-1.207484e-08	-2.167386e+01	-1.404135e+03
1.740000e-06	-2.630950e-09	-1.199235e-08	-2.131447e+01	-1.395068e+03
1.750000e-06	-2.586468e-09	-1.191204e-08	-2.095410e+01	-1.385889e+03
1.760000e-06	-2.541892e-09	-1.183702e-08	-2.059298e+01	-1.376601e+03
1.770000e-06	-2.497215e-09	-1.176707e-08	-2.023103e+01	-1.367204e+03
1.780000e-06	-2.452429e-09	-1.169483e-08	-1.986820e+01	-1.357697e+03
1.790000e-06	-2.407547e-09	-1.161466e-08	-1.950460e+01	-1.348079e+03
1.800000e-06	-2.362578e-09	-1.152597e-08	-1.914029e+01	-1.338351e+03
1.810000e-06	-2.317529e-09	-1.143190e-08	-1.877533e+01	-1.328511e+03
1.820000e-06	-2.272368e-09	-1.133816e-08	-1.840947e+01	-1.318558e+03
1.830000e-06	-2.227085e-09	-1.124838e-08	-1.804261e+01	-1.308489e+03
1.840000e-06	-2.181679e-09	-1.116397e-08	-1.767477e+01	-1.298301e+03
1.850000e-06	-2.136128e-09	-1.108219e-08	-1.730574e+01	-1.287993e+03
1.860000e-06	-2.090452e-09	-1.099739e-08	-1.693570e+01	-1.277560e+03
1.870000e-06	-2.044682e-09	-1.090608e-08	-1.656491e+01	-1.266998e+03
1.880000e-06	-1.998807e-09	-1.080994e-08	-1.619325e+01	-1.256303e+03
1.890000e-06	-1.952812e-09	-1.071089e-08	-1.582063e+01	-1.245470e+03
1.900000e-06	-1.906718e-09	-1.060988e-08	-1.544721e+01	-1.234495e+03
1.910000e-06	-1.860548e-09	-1.050886e-08	-1.507317e+01	-1.223372e+03
1.920000e-06	-1.814327e-09	-1.040832e-08	-1.469872e+01	-1.212095e+03
1.930000e-06	-1.768038e-09	-1.030724e-08	-1.432372e+01	-1.200660e+03
1.940000e-06	-1.721641e-09	-1.020627e-08	-1.394784e+01	-1.189060e+03
1.950000e-06	-1.675164e-09	-1.010425e-08	-1.357131e+01	-1.177291e+03
1.960000e-06	-1.628644e-09	-9.999518e-09	-1.319444e+01	-1.165347e+03
1.970000e-06	-1.582069e-09	-9.895788e-09	-1.281711e+01	-1.153224e+03
1.980000e-06	-1.535438e-09	-9.793881e-09	-1.243934e+01	-1.140917e+03
1.990000e-06	-1.488772e-09	-9.688466e-09	-1.206128e+01	-1.128421e+03
2.000000e-06	-1.442065e-09	-9.575540e-09	-1.168289e+01	-1.115733e+03
2.010000e-06	-1.395282e-09	-9.457230e-09	-1.130389e+01	-1.102851e+03
2.020000e-06	-1.348445e-09	-9.337738e-09	-1.092445e+01	-1.089771e+03
2.030000e-06	-1.301558e-09	-9.219072e-09	-1.054460e+01	-1.076491e+03
2.040000e-06	-1.254618e-09	-9.098993e-09	-1.016432e+01	-1.063009e+03
2.050000e-06	-1.207660e-09	-8.979054e-09	-9.783899e+00	-1.049326e+03
2.060000e-06	-1.160658e-09	-8.863204e-09	-9.403120e+00	-1.035441e+03
2.070000e-06	-1.113611e-09	-8.749550e-09	-9.021974e+00	-1.021353e+03
2.080000e-06	-1.066529e-09	-8.632295e-09	-8.640546e+00	-1.007063e+03
2.090000e-06	-1.019389e-09	-8.506287e-09	-8.258643e+00	-9.925725e+02
2.100000e-06	-9.722097e-10	-8.376705e-09	-7.876426e+00	-9.778822e+02
2.110000e-06	-9.249847e-10	-8.247738e-09	-7.493840e+00	-9.629933e+02
2.120000e-06	-8.777069e-10	-8.117408e-09	-7.110824e+00	-9.479071e+02
2.130000e-06	-8.304140e-10	-7.984264e-09	-6.727687e+00	-9.326248e+02
2.140000e-06	-7.830823e-10	-7.850646e-09	-6.344236e+00	-9.171472e+02
2.150000e-06	-7.357104e-10	-7.721945e-09	-5.960458e+00	-9.014747e+02
2.160000e-06	-6.883145e-10	-7.592686e-09	-5.576487e+00	-8.856073e+02
2.170000e-06	-6.408704e-10	-7.457293e-09	-5.192123e+00	-8.695443e+02
2.180000e-06	-5.933759e-10	-7.316444e-09	-4.807352e+00	-8.532841e+02
2.190000e-06	-5.458507e-10	-7.172929e-09	-4.422331e+00	-8.368241e+02
2.200000e-06	-4.983038e-10	-7.027375e-09	-4.037135e+00	-8.201608e+02
2.210000e-06	-4.507293e-10	-6.879344e-09	-3.651715e+00	-8.032895e+02
2.220000e-06	-4.031150e-10	-6.730584e-09	-3.265973e+00	-7.862044e+02
2.230000e-06	-3.554751e-10	-6.580526e-09	-2.880023e+00	-7.688983e+02
2.240000e-06	-3.078432e-10	-6.431017e-09	-2.494139e+00	-7.513626e+02
2.250000e-06	-2.602120e-10	-6.283595e-09	-2.108261e+00	-7.335877e+02
2.260000e-06	-2.125640e-10	-6.137133e-09	-1.722245e+00	-7.155625e+02
2.270000e-06	-1.649135e-10	-5.986417e-09	-1.336211e+00	-6.972747e+02
2.280000e-06	-1.172514e-10	-5.829496e-09	-9.500815e-01	-6.787110e+02
2.290000e-06	-6.959903e-11	-5.667516e-09	-5.640301e-01	-6.598570e+02
2.300000e-06	-2.195405e-11	-5.499545e-09	-1.780391e-01	-6.406973e+02
2.310000e-06	2.569674e-11	-5.325867e-09	2.079995e-01	-6.212160e+02
2.320000e-06	7.332357e-11	-5.147805e-09	5.938439e-01	-6.013965e+02
2.330000e-06	1.209196e-10	-4.971669e-09	9.794377e-01	-5.812220e+02
2.340000e-06	1.684925e-10	-4.796883e-09	1.364843e+00	-5.606757e+02
2.350000e-06	2.160616e-10	-4.619827e-09	1.750219e+00	-5.397408e+02
2.360000e-06	2.636197e-10	-4.438829e-09	2.135506e+00	-5.184011e+02
2.370000e-06	3.111474e-10	-4.251180e-09	2.520545e+00	-4.966412e+02
2.380000e-06	3.586442e-10	-4.059952e-09	2.905334e+00	-4.744464e+02
2.390000e-06	4.061400e-10	-3.864865e-09	3.290115e+00	-4.518038e+02
2.400000e-06	4.536091e-10	-3.660568e-09	3.674680e+00	-4.287017e+02
2.410000e-06	5.010379e-10	-3.452711e-09	4.058919e+00	-4.051304e+02
2.420000e-06	5.484311e-10	-3.248534e-09	4.442869e+00	-3.810823e+02
2.430000e-06	5.957939e-10	-3.046103e-09	4.826574e+00	-3.565522e+02
2.440000e-06	6.431603e-10	-2.836472e-09	5.210307e+00	-3.315374e+02
2.450000e-06	6.905194e-10	-2.614128e-09	5.593982e+00	-3.060379e+02
2.460000e-06	7.378538e-10	-2.387581e-09	5.977457e+00	-2.800569e+02
2.470000e-06	7.851802e-10	-2.158171e-09	6.360868e+00	-2.536003e+02
2.480000e-06	8.324857e-10	-1.926197e-09	6.744108e+00	-2.266774e+02
2.490000e-06	8.797534e-10	-1.690504e-09	7.127041e+00	-1.993005e+02
2.500000e-06	9.270017e-10	-1.449600e-09	7.509816e+00	-1.714851e+02
2.510000e-06	9.742158e-10	-1.212570e-09	7.892314e+00	-1.432502e+02
2.520000e-06	1.021386e-09	-9.764470e-10	8.274456e+00	-1.146174e+02
2.530000e-06	1.068508e-09	-7.340511e-10	8.656213e+00	-8.561158e+01
2.540000e-06	1.115590e-09	-4.769326e-10	9.037643e+00	-5.626048e+01
2.550000e-06	1.162650e-09	-2.090089e-10	9.418889e+00	-2.659438e+01
2.560000e-06	1.209676e-09	5.699117e-11	9.799868e+00	3.353971e+00
2.570000e-06	1.256679e-09	3.180996e-10	1.018065e+01	3.354964e+01
2.580000e-06	1.303642e-09	5.757221e-10	1.056112e+01	6.395583e+01
2.590000e-06	1.350535e-09	8.379232e-10	1.094102e+01	9.453411e+01
2.600000e-06	1.397366e-09	1.100610e-09	1.132041e+01	1.252448e+02
2.610000e-06	1.444121e-09	1.361100e-09	1.169919e+01	1.560474e+02
2.620000e-06	1.490819e-09	1.624300e-09	1.207750e+01	1.869007e+02
2.630000e-06	1.537451e-09	1.895919e-09	1.245529e+01	2.177633e+02
2.640000e-06	1.583981e-09	2.173756e-09	1.283224e+01	2.485939e+02
2.650000e-06	1.630429e-09	2.444661e-09	1.320853e+01	2.793520e+02
2.660000e-06	1.676802e-09	2.707097e-09	1.358422e+01	3.099974e+02
2.670000e-06	1.723091e-09	2.964177e-09	1.395922e+01	3.404915e+02
2.680000e-06	1.769262e-09	3.220886e-09	1.433327e+01	3.707970e+02
2.690000e-06	1.815330e-09	3.475729e-09	1.470648e+01	4.008783e+02
2.700000e-06	1.861326e-09	3.725111e-09	1.507911e+01	4.307018e+02
2.710000e-06	1.907216e-09	3.970985e-09	1.545089e+01	4.602361e+02
2.720000e-06	1.953014e-09	4.217808e-09	1.582191e+01	4.894523e+02
2.730000e-06	1.998717e-09	4.466134e-09	1.619217e+01	5.183239e+02
2.740000e-06	2.044328e-09	4.706588e-09	1.656168e+01	5.468271e+02
2.750000e-06	2.089846e-09	4.938177e-09	1.693044e+01	5.749410e+02
2.760000e-06	2.135236e-09	5.167705e-09	1.729816e+01	6.026473e+02
2.770000e-06	2.180523e-09	5.400084e-09	1.766505e+01	6.299306e+02
2.780000e-06	2.225728e-09	5.630851e-09	1.803127e+01	6.567782e+02
2.790000e-06	2.270860e-09	5.856793e-09	1.839690e+01	6.831800e+02
2.800000e-06	2.315914e-09	6.078575e-09	1.876190e+01	7.091288e+02
2.810000e-06	2.360883e-09	6.295505e-09	1.912621e+01	7.346196e+02
2.820000e-06	2.405763e-09	6.507373e-09	1.948980e+01	7.596498e+02
2.830000e-06	2.450543e-09	6.713470e-09	1.985258e+01	7.842191e+02
2.840000e-06	2.495238e-09	6.917203e-09	2.021467e+01	8.083288e+02
2.850000e-06	2.539852e-09	7.120829e-09	2.057610e+01	8.319824e+02
2.860000e-06	2.584369e-09	7.323160e-09	2.093676e+01	8.551847e+02
2.870000e-06	2.628799e-09	7.518519e-09	2.129670e+01	8.779419e+02
2.880000e-06	2.673145e-09	7.707130e-09	2.165596e+01	9.002612e+02
2.890000e-06	2.717417e-09	7.892261e-09	2.201463e+01	9.221507e+02
2.900000e-06	2.761595e-09	8.071864e-09	2.237254e+01	9.436193e+02
2.910000e-06	2.805666e-09	8.246823e-09	2.272957e+01	9.646762e+02
2.920000e-06	2.849643e-09	8.419689e-09	2.308584e+01	9.853311e+02
2.930000e-06	2.893523e-09	8.592977e-09	2.344134e+01	1.005594e+03
2.940000e-06	2.937305e-09	8.764419e-09	2.379603e+01	1.025473e+03
2.950000e-06	2.980976e-09	8.932234e-09	2.414983e+01	1.044979e+03
2.960000e-06	3.024512e-09	9.097031e-09	2.450254e+01	1.064121e+03
2.970000e-06	3.067887e-09	9.257830e-09	2.485394e+01	1.082906e+03
2.980000e-06	3.111106e-09	9.413553e-09	2.520406e+01	1.101344e+03
2.990000e-06	3.154138e-09	9.563193e-09	2.555269e+01	1.119442e+03
3.000000e-06	3.196947e-09	9.710603e-09	2.589950e+01	1.137207e+03
3.010000e-06	3.239566e-09	9.858532e-09	2.624477e+01	1.154644e+03
3.020000e-06	3.281969e-09	1.000593e-08	2.658829e+01	1.171761e+03
3.030000e-06	3.324121e-09	1.015049e-08	2.692977e+01	1.188562e+03
3.040000e-06	3.366059e-09	1.029244e-08	2.726953e+01	1.205052e+03
3.050000e-06	3.407772e-09	1.043267e-08	2.760745e+01	1.221234e+03
3.060000e-06	3.449224e-09	1.056883e-08	2.794327e+01	1.237114e+03
3.070000e-06	3.490440e-09	1.070106e-08	2.827717e+01	1.252694e+03
3.080000e-06	3.531418e-09	1.083084e-08	2.860914e+01	1.267978e+03
3.090000e-06	3.572186e-09	1.096032e-08	2.893942e+01	1.282969e+03
3.100000e-06	3.612775e-09	1.108772e-08	2.926824e+01	1.297670e+03
3.110000e-06	3.653197e-09	1.121248e-08	2.959572e+01	1.312083e+03
3.120000e-06	3.693471e-09	1.133468e-08	2.992199e+01	1.326212e+03
3.130000e-06	3.733602e-09	1.145338e-08	3.024711e+01	1.340061e+03
3.140000e-06	3.773619e-09	1.157061e-08	3.057130e+01	1.353632e+03
3.150000e-06	3.813501e-09	1.168459e-08	3.089441e+01	1.366929e+03
3.160000e-06	3.853259e-09	1.179474e-08	3.121651e+01	1.379956e+03
3.170000e-06	3.892888e-09	1.190175e-08	3.153756e+01	1.392718e+03
3.180000e-06	3.932371e-09	1.200580e-08	3.185743e+01	1.405219e+03
3.190000e-06	3.971700e-09	1.210718e-08	3.217605e+01	1.417465e+03
3.200000e-06	4.010862e-09	1.220581e-08	3.249331e+01	1.429460e+03
3.210000e-06	4.049872e-09	1.230514e-08	3.280935e+01	1.441210e+03
3.220000e-06	4.088729e-09	1.240551e-08	3.312414e+01	1.452722e+03
3.230000e-06	4.127412e-09	1.250355e-08	3.343753e+01	1.464001e+03
3.240000e-06	4.165924e-09	1.259819e-08	3.374953e+01	1.475054e+03
3.250000e-06	4.204244e-09	1.269025e-08	3.405997e+01	1.485887e+03
3.260000e-06	4.242383e-09	1.278078e-08	3.436895e+01	1.496508e+03
3.270000e-06	4.280352e-09	1.286903e-08	3.467655e+01	1.506923e+03
3.280000e-06	4.318112e-09	1.295580e-08	3.498246e+01	1.517138e+03
3.290000e-06	4.355638e-09	1.304148e-08	3.528647e+01	1.527160e+03
3.300000e-06	4.392946e-09	1.312724e-08	3.558872e+01	1.536995e+03
3.310000e-06	4.430081e-09	1.321217e-08	3.588956e+01	1.546650e+03
3.320000e-06	4.467039e-09	1.329479e-08	3.618897e+01	1.556131e+03
3.330000e-06	4.503787e-09	1.337481e-08	3.648669e+01	1.565442e+03
3.340000e-06	4.540332e-09	1.345064e-08	3.678275e+01	1.574588e+03
3.350000e-06	4.576697e-09	1.352453e-08	3.707736e+01	1.583576e+03
3.360000e-06	4.612882e-09	1.359819e-08	3.737050e+01	1.592407e+03
3.370000e-06	4.648920e-09	1.367105e-08	3.766247e+01	1.601087e+03
3.380000e-06	4.684836e-09	1.374182e-08	3.795344e+01	1.609619e+03
3.390000e-06	4.720598e-09	1.381061e-08	3.824316e+01	1.618004e+03
3.400000e-06	4.756190e-09	1.388117e-08	3.853151e+01	1.626247e+03
3.410000e-06	4.791612e-09	1.395305e-08	3.881848e+01	1.634348e+03
3.420000e-06	4.826793e-09	1.402283e-08	3.910349e+01	1.642309e+03
3.430000e-06	4.861704e-09	1.408956e-08	3.938631e+01	1.650131e+03
3.440000e-06	4.896335e-09	1.415347e-08	3.966688e+01	1.657815e+03
3.450000e-06	4.930627e-09	1.421627e-08	3.994468e+01	1.665362e+03
3.460000e-06	4.964581e-09	1.427726e-08	4.021976e+01	1.672772e+03
3.470000e-06	4.998205e-09	1.433417e-08	4.049216e+01	1.680046e+03
3.480000e-06	5.031473e-09	1.438794e-08	4.076167e+01	1.687184e+03
3.490000e-06	5.064399e-09	1.444098e-08	4.102841e+01	1.694185e+03
3.500000e-06	5.097018e-09	1.449615e-08	4.129267e+01	1.701052e+03
3.510000e-06	5.129413e-09	1.455265e-08	4.155512e+01	1.707783e+03
3.520000e-06	5.161643e-09	1.460902e-08	4.181623e+01	1.714380e+03
3.530000e-06	5.193708e-09	1.466476e-08	4.207600e+01	1.720844e+03
3.540000e-06	5.225609e-09	1.472062e-08	4.233444e+01	1.727176e+03
3.550000e-06	5.257343e-09	1.477804e-08	4.259153e+01	1.733376e+03
3.560000e-06	5.288919e-09	1.483236e-08	4.284734e+01	1.739448e+03
3.570000e-06	5.320292e-09	1.488119e-08	4.310151e+01	1.745393e+03
3.580000e-06	5.351438e-09	1.492833e-08	4.335383e+01	1.751213e+03
3.590000e-06	5.382345e-09	1.497748e-08	4.360422e+01	1.756912e+03
3.600000e-06	5.412991e-09	1.502811e-08	4.385249e+01	1.762492e+03
3.610000e-06	5.443366e-09	1.507892e-08	4.409858e+01	1.767956e+03
3.620000e-06	5.473481e-09	1.512881e-08	4.434255e+01	1.773309e+03
3.630000e-06	5.503384e-09	1.517584e-08	4.458480e+01	1.778553e+03
3.640000e-06	5.533044e-09	1.522292e-08	4.482509e+01	1.783693e+03
3.650000e-06	5.562471e-09	1.526871e-08	4.506349e+01	1.788734e+03
3.660000e-06	5.591674e-09	1.530991e-08	4.530008e+01	1.793678e+03
3.670000e-06	5.620616e-09	1.534809e-08	4.553455e+01	1.798531e+03
3.680000e-06	5.649295e-09	1.538777e-08	4.576689e+01	1.803296e+03
3.690000e-06	5.677755e-09	1.543067e-08	4.599745e+01	1.807978e+03
3.700000e-06	5.706019e-09	1.547367e-08	4.622643e+01	1.812580e+03
3.710000e-06	5.734085e-09	1.551577e-08	4.645381e+01	1.817106e+03
3.720000e-06	5.761981e-09	1.555643e-08	4.667981e+01	1.821560e+03
3.730000e-06	5.789716e-09	1.559707e-08	4.690450e+01	1.825945e+03
3.740000e-06	5.817261e-09	1.563592e-08	4.712766e+01	1.830264e+03
3.750000e-06	5.844557e-09	1.567244e-08	4.734879e+01	1.834519e+03
3.760000e-06	5.871533e-09	1.570897e-08	4.756733e+01	1.838713e+03
3.770000e-06	5.898116e-09	1.574478e-08	4.778269e+01	1.842847e+03
3.780000e-06	5.924248e-09	1.578020e-08	4.799439e+01	1.846924e+03
3.790000e-06	5.949943e-09	1.581559e-08	4.820255e+01	1.850943e+03
3.800000e-06	5.975202e-09	1.584971e-08	4.840718e+01	1.854907e+03
3.810000e-06	6.000053e-09	1.588061e-08	4.860851e+01	1.858815e+03
3.820000e-06	6.024579e-09	1.591077e-08	4.880720e+01	1.862668e+03
3.830000e-06	6.048848e-09	1.594309e-08	4.900382e+01	1.866466e+03
3.840000e-06	6.072898e-09	1.597760e-08	4.919866e+01	1.870207e+03
3.850000e-06	6.096737e-09	1.601320e-08	4.939178e+01	1.873893e+03
3.860000e-06	6.120363e-09	1.604653e-08	4.958319e+01	1.877522e+03
3.870000e-06	6.143742e-09	1.607660e-08	4.977259e+01	1.881092e+03
3.880000e-06	6.166847e-09	1.610366e-08	4.995977e+01	1.884605e+03
3.890000e-06	6.189669e-09	1.613155e-08	5.014466e+01	1.888057e+03
3.900000e-06	6.212200e-09	1.616040e-08	5.032720e+01	1.891450e+03
3.910000e-06	6.234458e-09	1.618735e-08	5.050752e+01	1.894781e+03
3.920000e-06	6.256468e-09	1.621449e-08	5.068583e+01	1.898050e+03
3.930000e-06	6.278209e-09	1.624111e-08	5.086196e+01	1.901257e+03
3.940000e-06	6.299685e-09	1.626814e-08	5.103595e+01	1.904401e+03
3.950000e-06	6.320889e-09	1.629234e-08	5.120773e+01	1.907481e+03
3.960000e-06	6.341785e-09	1.631234e-08	5.137702e+01	1.910498e+03
3.970000e-06	6.362386e-09	1.633342e-08	5.154391e+01	1.913452e+03
3.980000e-06	6.382726e-09	1.635395e-08	5.170870e+01	1.916343e+03
3.990000e-06	6.402873e-09	1.637609e-08	5.187192e+01	1.919171e+03
4.000000e-06	6.422862e-09	1.639864e-08	5.203385e+01	1.921938e+03
4.010000e-06	6.442670e-09	1.642075e-08	5.219433e+01	1.924644e+03
4.020000e-06	6.462281e-09	1.644434e-08	5.235321e+01	1.927291e+03
4.030000e-06	6.481629e-09	1.646730e-08	5.250996e+01	1.929879e+03
4.040000e-06	6.500643e-09	1.648964e-08	5.266400e+01	1.932409e+03
4.050000e-06	6.519302e-09	1.650872e-08	5.281516e+01	1.934884e+03
4.060000e-06	6.537611e-09	1.652487e-08	5.296349e+01	1.937304e+03
4.070000e-06	6.555561e-09	1.654276e-08	5.310891e+01	1.939671e+03
4.080000e-06	6.573203e-09	1.656281e-08	5.325183e+01	1.941986e+03
4.090000e-06	6.590580e-09	1.658095e-08	5.339262e+01	1.944251e+03
4.100000e-06	6.607721e-09	1.659528e-08	5.353148e+01	1.946467e+03
4.110000e-06	6.624621e-09	1.660959e-08	5.366840e+01	1.948635e+03
4.120000e-06	6.641241e-09	1.662492e-08	5.380304e+01	1.950756e+03
4.130000e-06	6.657582e-09	1.663854e-08	5.393543e+01	1.952832e+03
4.140000e-06	6.673599e-09	1.664977e-08	5.406519e+01	1.954862e+03
4.150000e-06	6.689212e-09	1.666225e-08	5.419168e+01	1.956848e+03
4.160000e-06	6.704383e-09	1.667952e-08	5.431459e+01	1.958790e+03
4.170000e-06	6.719165e-09	1.669962e-08	5.443434e+01	1.960688e+03
4.180000e-06	6.733611e-09	1.671738e-08	5.455137e+01	1.962543e+03
4.190000e-06	6.747750e-09	1.672840e-08	5.466592e+01	1.964354e+03
4.200000e-06	6.761590e-09	1.673718e-08	5.477804e+01	1.966121e+03
4.210000e-06	6.775114e-09	1.674842e-08	5.488761e+01	1.967845e+03
4.220000e-06	6.788325e-09	1.676164e-08	5.499463e+01	1.969523e+03
4.230000e-06	6.801206e-09	1.677412e-08	5.509899e+01	1.971157e+03
4.240000e-06	6.813773e-09	1.678775e-08	5.520080e+01	1.972746e+03
4.250000e-06	6.826064e-09	1.680447e-08	5.530037e+01	1.974289e+03
4.260000e-06	6.838037e-09	1.681827e-08	5.539737e+01	1.975785e+03
4.270000e-06	6.849719e-09	1.682545e-08	5.549202e+01	1.977235e+03
4.280000e-06	6.861124e-09	1.682883e-08	5.558441e+01	1.978638e+03
4.290000e-06	6.872108e-09	1.683488e-08	5.567340e+01	1.979993e+03
4.300000e-06	6.882629e-09	1.684446e-08	5.575864e+01	1.981300e+03
4.310000e-06	6.892620e-09	1.685551e-08	5.583958e+01	1.982560e+03
4.320000e-06	6.902015e-09	1.686706e-08	5.591569e+01	1.983773e+03
4.330000e-06	6.910932e-09	1.687857e-08	5.598793e+01	1.984938e+03
4.340000e-06	6.919483e-09	1.689055e-08	5.605720e+01	1.986057e+03
4.350000e-06	6.927737e-09	1.690333e-08	5.612408e+01	1.987129e+03
4.360000e-06	6.935755e-09	1.691521e-08	5.618903e+01	1.988156e+03
4.370000e-06	6.943579e-09	1.692391e-08	5.625242e+01	1.989139e+03
4.380000e-06	6.951187e-09	1.693073e-08	5.631405e+01	1.990078e+03
4.390000e-06	6.958506e-09	1.693837e-08	5.637336e+01	1.990975e+03
4.400000e-06	6.965490e-09	1.694607e-08	5.642994e+01	1.991830e+03
4.410000e-06	6.972149e-09	1.694962e-08	5.648388e+01	1.992646e+03
4.420000e-06	6.978506e-09	1.695197e-08	5.653539e+01	1.993423e+03
4.430000e-06	6.984560e-09	1.695793e-08	5.658443e+01	1.994163e+03
4.440000e-06	6.990314e-09	1.696877e-08	5.663105e+01	1.994868e+03
4.450000e-06	6.995735e-09	1.697946e-08	5.667496e+01	1.995538e+03
4.460000e-06	7.000823e-09	1.698552e-08	5.671618e+01	1.996174e+03
4.470000e-06	7.005594e-09	1.699038e-08	5.675484e+01	1.996779e+03
4.480000e-06	7.010064e-09	1.699515e-08	5.679105e+01	1.997352e+03
4.490000e-06	7.014303e-09	1.699968e-08	5.682540e+01	1.997895e+03
4.500000e-06	7.018363e-09	1.700166e-08	5.685828e+01	1.998408e+03
4.510000e-06	7.022247e-09	1.700448e-08	5.688975e+01	1.998891e+03
4.520000e-06	7.025914e-09	1.701289e-08	5.691946e+01	1.999346e+03
4.530000e-06	7.029311e-09	1.702524e-08	5.694698e+01	1.999771e+03
4.540000e-06	7.032383e-09	1.703576e-08	5.697187e+01	2.000167e+03
4.550000e-06	7.035008e-09	1.703810e-08	5.699314e+01	2.000534e+03
4.560000e-06	7.037096e-09	1.703639e-08	5.701005e+01	2.000870e+03
4.570000e-06	7.038670e-09	1.703448e-08	5.702281e+01	2.001175e+03
4.580000e-06	7.039772e-09	1.703332e-08	5.703173e+01	2.001449e+03
4.590000e-06	7.040469e-09	1.703228e-08	5.703739e+01	2.001689e+03
4.600000e-06	7.040845e-09	1.703140e-08	5.704043e+01	2.001896e+03
4.610000e-06	7.040967e-09	1.703783e-08	5.704142e+01	2.002067e+03
4.620000e-06	7.040903e-09	1.704644e-08	5.704090e+01	2.002201e+03
4.630000e-06	7.040631e-09	1.705103e-08	5.703870e+01	2.002298e+03
4.640000e-06	7.040084e-09	1.704839e-08	5.703427e+01	2.002356e+03
4.650000e-06	7.039245e-09	1.704208e-08	5.702748e+01	2.002374e+03
4.660000e-06	7.038080e-09	1.704189e-08	5.701804e+01	2.002350e+03
4.670000e-06	7.036589e-09	1.704382e-08	5.700596e+01	2.002285e+03
4.680000e-06	7.034812e-09	1.704819e-08	5.699157e+01	2.002175e+03
4.690000e-06	7.032769e-09	1.705545e-08	5.697502e+01	2.002023e+03
4.700000e-06	7.030487e-09	1.705655e-08	5.695653e+01	2.001826e+03
4.710000e-06	7.027947e-09	1.703893e-08	5.693596e+01	2.001584e+03
4.720000e-06	7.025050e-09	1.699917e-08	5.691249e+01	2.001298e+03
4.730000e-06	7.021733e-09	1.697198e-08	5.688562e+01	2.000968e+03
4.740000e-06	7.018074e-09	1.702139e-08	5.685597e+01	2.000594e+03
4.750000e-06	7.014188e-09	1.704402e-08	5.682449e+01	2.000177e+03
4.760000e-06	7.010139e-09	1.700542e-08	5.679169e+01	1.999717e+03
4.770000e-06	7.005873e-09	1.694791e-08	5.675713e+01	1.999216e+03
4.780000e-06	7.001307e-09	1.695158e-08	5.672014e+01	1.998675e+03
4.790000e-06	6.996448e-09	1.701638e-08	5.668078e+01	1.998095e+03
4.800000e-06	6.991216e-09	1.696466e-08	5.663840e+01	1.997478e+03
4.810000e-06	6.985478e-09	1.692404e-08	5.659191e+01	1.996826e+03
4.820000e-06	6.979145e-09	1.700671e-08	5.654061e+01	1.996139e+03
4.830000e-06	6.972246e-09	1.706226e-08	5.648472e+01	1.995420e+03
4.840000e-06	6.964931e-09	1.705142e-08	5.642546e+01	1.994670e+03
4.850000e-06	6.957316e-09	1.709571e-08	5.636377e+01	1.993891e+03
4.860000e-06	6.949450e-09	1.713309e-08	5.630004e+01	1.993084e+03
4.870000e-06	6.941359e-09	1.702346e-08	5.623450e+01	1.992251e+03
4.880000e-06	6.933078e-09	1.696774e-08	5.616741e+01	1.991393e+03
4.890000e-06	6.924579e-09	1.702344e-08	5.609856e+01	1.990511e+03
4.900000e-06	6.915795e-09	1.696702e-08	5.602739e+01	1.989606e+03
4.910000e-06	6.906684e-09	1.698441e-08	5.595358e+01	1.988678e+03
4.920000e-06	6.897262e-09	1.705114e-08	5.587725e+01	1.987728e+03
4.930000e-06	6.887561e-09	1.698078e-08	5.579866e+01	1.986756e+03
4.940000e-06	6.877600e-09	1.700687e-08	5.571797e+01	1.985762e+03
4.950000e-06	6.867382e-09	1.704377e-08	5.563519e+01	1.984746e+03
4.960000e-06	6.856866e-09	1.695998e-08	5.554999e+01	1.983707e+03
4.970000e-06	6.846030e-09	1.698751e-08	5.546221e+01	1.982645e+03
4.980000e-06	6.834848e-09	1.702983e-08	5.537162e+01	1.981559e+03
4.990000e-06	6.823351e-09	1.695394e-08	5.527848e+01	1.980447e+03
5.000000e-06	6.811579e-09	1.698844e-08	5.518311e+01	1.979309e+03
5.010000e-06	6.799517e-09	1.698176e-08	5.508539e+01	1.978143e+03
5.020000e-06	6.787134e-09	1.690210e-08	5.498508e+01	1.976948e+03
5.030000e-06	6.774340e-09	1.695211e-08	5.488143e+01	1.975723e+03
5.040000e-06	6.761048e-09	1.693442e-08	5.477375e+01	1.974465e+03
5.050000e-06	6.747232e-09	1.690447e-08	5.466182e+01	1.973174e+03
5.060000e-06	6.732878e-09	1.692167e-08	5.454554e+01	1.971849e+03
5.070000e-06	6.717994e-09	1.689687e-08	5.442496e+01	1.970487e+03
5.080000e-06	6.702693e-09	1.689361e-08	5.430101e+01	1.969088e+03
5.090000e-06	6.687075e-09	1.686900e-08	5.417448e+01	1.967650e+03
5.100000e-06	6.671169e-09	1.684250e-08	5.404562e+01	1.966173e+03
5.110000e-06	6.655022e-09	1.684076e-08	5.391481e+01	1.964656e+03
5.120000e-06	6.638637e-09	1.683020e-08	5.378207e+01	1.963098e+03
5.130000e-06	6.621995e-09	1.683260e-08	5.364725e+01	1.961499e+03
5.140000e-06	6.605045e-09	1.681948e-08	5.350993e+01	1.959858e+03
5.150000e-06	6.587772e-09	1.679677e-08	5.337000e+01	1.958176e+03
5.160000e-06	6.570220e-09	1.679709e-08	5.322780e+01	1.956452e+03
5.170000e-06	6.552385e-09	1.677015e-08	5.308331e+01	1.954686e+03
5.180000e-06	6.534282e-09	1.675571e-08	5.293666e+01	1.952879e+03
5.190000e-06	6.515906e-09	1.674609e-08	5.278779e+01	1.951031e+03
5.200000e-06	6.497236e-09	1.671983e-08	5.263654e+01	1.949143e+03
5.210000e-06	6.478266e-09	1.672947e-08	5.248286e+01	1.947216e+03
5.220000e-06	6.459007e-09	1.670572e-08	5.232683e+01	1.945249e+03
5.230000e-06	6.439469e-09	1.668308e-08	5.216855e+01	1.943243e+03
5.240000e-06	6.419732e-09	1.667018e-08	5.200865e+01	1.941200e+03
5.250000e-06	6.399859e-09	1.664481e-08	5.184766e+01	1.939120e+03
5.260000e-06	6.379838e-09	1.663947e-08	5.168546e+01	1.937002e+03
5.270000e-06	6.359658e-09	1.661296e-08	5.152197e+01	1.934849e+03
5.280000e-06	6.339264e-09	1.660090e-08	5.135675e+01	1.932659e+03
5.290000e-06	6.318573e-09	1.658634e-08	5.118913e+01	1.930433e+03
5.300000e-06	6.297492e-09	1.656551e-08	5.101834e+01	1.928172e+03
5.310000e-06	6.275970e-09	1.654706e-08	5.084399e+01	1.925875e+03
5.320000e-06	6.254007e-09	1.651317e-08	5.066607e+01	1.923543e+03
5.330000e-06	6.231605e-09	1.649840e-08	5.048459e+01	1.921174e+03
5.340000e-06	6.208776e-09	1.647809e-08	5.029965e+01	1.918769e+03
5.350000e-06	6.185546e-09	1.646115e-08	5.011145e+01	1.916327e+03
5.360000e-06	6.162000e-09	1.644236e-08	4.992070e+01	1.913847e+03
5.370000e-06	6.138219e-09	1.641614e-08	4.972804e+01	1.911329e+03
5.380000e-06	6.114223e-09	1.639532e-08	4.953364e+01	1.908772e+03
5.390000e-06	6.090007e-09	1.636734e-08	4.933745e+01	1.906175e+03
5.400000e-06	6.065582e-09	1.634352e-08	4.913957e+01	1.903538e+03
5.410000e-06	6.040944e-09	1.631682e-08	4.893998e+01	1.900859e+03
5.420000e-06	6.016014e-09	1.629488e-08	4.873801e+01	1.898138e+03
5.430000e-06	5.990758e-09	1.627296e-08	4.853340e+01	1.895374e+03
5.440000e-06	5.965190e-09	1.624869e-08	4.832627e+01	1.892567e+03
5.450000e-06	5.939344e-09	1.622754e-08	4.811688e+01	1.889715e+03
5.460000e-06	5.913238e-09	1.620417e-08	4.790539e+01	1.886819e+03
5.470000e-06	5.886858e-09	1.618287e-08	4.769167e+01	1.883878e+03
5.480000e-06	5.860188e-09	1.615319e-08	4.747562e+01	1.880891e+03
5.490000e-06	5.833211e-09	1.612313e-08	4.725707e+01	1.877859e+03
5.500000e-06	5.805983e-09	1.609586e-08	4.703648e+01	1.874782e+03
5.510000e-06	5.778541e-09	1.606706e-08	4.681416e+01	1.871660e+03
5.520000e-06	5.750889e-09	1.603737e-08	4.659015e+01	1.868493e+03
5.530000e-06	5.723052e-09	1.600552e-08	4.636463e+01	1.865281e+03
5.540000e-06	5.695062e-09	1.597991e-08	4.613787e+01	1.862025e+03
5.550000e-06	5.666916e-09	1.595508e-08	4.590985e+01	1.858726e+03
5.560000e-06	5.638566e-09	1.592908e-08	4.568017e+01	1.855385e+03
5.570000e-06	5.609986e-09	1.590205e-08	4.544864e+01	1.852001e+03
5.580000e-06	5.581138e-09	1.587591e-08	4.521493e+01	1.848575e+03
5.590000e-06	5.551958e-09	1.585118e-08	4.497853e+01	1.845109e+03
5.600000e-06	5.522428e-09	1.581856e-08	4.473931e+01	1.841603e+03
5.610000e-06	5.492522e-09	1.578548e-08	4.449703e+01	1.838056e+03
5.620000e-06	5.462195e-09	1.575415e-08	4.425134e+01	1.834471e+03
5.630000e-06	5.431532e-09	1.572369e-08	4.400294e+01	1.830846e+03
5.640000e-06	5.400573e-09	1.569367e-08	4.375213e+01	1.827182e+03
5.650000e-06	5.369316e-09	1.566415e-08	4.349891e+01	1.823478e+03
5.660000e-06	5.337795e-09	1.563764e-08	4.324355e+01	1.819736e+03
5.670000e-06	5.306048e-09	1.560536e-08	4.298636e+01	1.815953e+03
5.680000e-06	5.274121e-09	1.556818e-08	4.272770e+01	1.812130e+03
5.690000e-06	5.241978e-09	1.553318e-08	4.246730e+01	1.808265e+03
5.700000e-06	5.209626e-09	1.550328e-08	4.220520e+01	1.804357e+03
5.710000e-06	5.177065e-09	1.547261e-08	4.194142e+01	1.800406e+03
5.720000e-06	5.144279e-09	1.543789e-08	4.167580e+01	1.796409e+03
5.730000e-06	5.111280e-09	1.540346e-08	4.140847e+01	1.792365e+03
5.740000e-06	5.078041e-09	1.536924e-08	4.113919e+01	1.788272e+03
5.750000e-06	5.044562e-09	1.533417e-08	4.086797e+01	1.784129e+03
5.760000e-06	5.010851e-09	1.529709e-08	4.059486e+01	1.779933e+03
5.770000e-06	4.976890e-09	1.526265e-08	4.031973e+01	1.775682e+03
5.780000e-06	4.942685e-09	1.523040e-08	4.004262e+01	1.771376e+03
5.790000e-06	4.908207e-09	1.519529e-08	3.976331e+01	1.767010e+03
5.800000e-06	4.873503e-09	1.515623e-08	3.948216e+01	1.762585e+03
5.810000e-06	4.838600e-09	1.511358e-08	3.919940e+01	1.758097e+03
5.820000e-06	4.803463e-09	1.507277e-08	3.891474e+01	1.753546e+03
5.830000e-06	4.768127e-09	1.503304e-08	3.862848e+01	1.748930e+03
5.840000e-06	4.732611e-09	1.499347e-08	3.834074e+01	1.744248e+03
5.850000e-06	4.696916e-09	1.495290e-08	3.805157e+01	1.739498e+03
5.860000e-06	4.661078e-09	1.491254e-08	3.776122e+01	1.734680e+03
5.870000e-06	4.625110e-09	1.487362e-08	3.746983e+01	1.729793e+03
5.880000e-06	4.589000e-09	1.483379e-08	3.717729e+01	1.724838e+03
5.890000e-06	4.552730e-09	1.479362e-08	3.688346e+01	1.719812e+03
5.900000e-06	4.516283e-09	1.475157e-08	3.658819e+01	1.714718e+03
5.910000e-06	4.479624e-09	1.471049e-08	3.629121e+01	1.709554e+03
5.920000e-06	4.442725e-09	1.466916e-08	3.599227e+01	1.704322e+03
5.930000e-06	4.405586e-09	1.462484e-08	3.569140e+01	1.699022e+03
5.940000e-06	4.368202e-09	1.457951e-08	3.538854e+01	1.693655e+03
5.950000e-06	4.330523e-09	1.453424e-08	3.508330e+01	1.688221e+03
5.960000e-06	4.292567e-09	1.449022e-08	3.477580e+01	1.682722e+03
5.970000e-06	4.254349e-09	1.444491e-08	3.446619e+01	1.677158e+03
5.980000e-06	4.215838e-09	1.439620e-08	3.415421e+01	1.671530e+03
5.990000e-06	4.177071e-09	1.434566e-08	3.384015e+01	1.665840e+03
6.000000e-06	4.138075e-09	1.429490e-08	3.352423e+01	1.660086e+03
6.010000e-06	4.098845e-09	1.424445e-08	3.320642e+01	1.654270e+03
6.020000e-06	4.059404e-09	1.419382e-08	3.288688e+01	1.648393e+03
6.030000e-06	4.019780e-09	1.414377e-08	3.256588e+01	1.642453e+03
6.040000e-06	3.979972e-09	1.409467e-08	3.224337e+01	1.636451e+03
6.050000e-06	3.939996e-09	1.404569e-08	3.191951e+01	1.630387e+03
6.060000e-06	3.899895e-09	1.399514e-08	3.159464e+01	1.624258e+03
6.070000e-06	3.859651e-09	1.394010e-08	3.126861e+01	1.618065e+03
6.080000e-06	3.819248e-09	1.388232e-08	3.094129e+01	1.611805e+03
6.090000e-06	3.778685e-09	1.382706e-08	3.061267e+01	1.605476e+03
6.100000e-06	3.737982e-09	1.377363e-08	3.028293e+01	1.599078e+03
6.110000e-06	3.697146e-09	1.371954e-08	2.995210e+01	1.592606e+03
6.120000e-06	3.656118e-09	1.366315e-08	2.961971e+01	1.586060e+03
6.130000e-06	3.614904e-09	1.360601e-08	2.928582e+01	1.579434e+03
6.140000e-06	3.573536e-09	1.355013e-08	2.895069e+01	1.572728e+03
6.150000e-06	3.532015e-09	1.349389e-08	2.861431e+01	1.565938e+03
6.160000e-06	3.490328e-09	1.343413e-08	2.827659e+01	1.559060e+03
6.170000e-06	3.448482e-09	1.336948e-08	2.793758e+01	1.552091e+03
6.180000e-06	3.406478e-09	1.330435e-08	2.759729e+01	1.545028e+03
6.190000e-06	3.364300e-09	1.323986e-08	2.725560e+01	1.537869e+03
6.200000e-06	3.321955e-09	1.317505e-08	2.691254e+01	1.530610e+03
6.210000e-06	3.279460e-09	1.311169e-08	2.656827e+01	1.523248e+03
6.220000e-06	3.236838e-09	1.305087e-08	2.622298e+01	1.515781e+03
6.230000e-06	3.194087e-09	1.299262e-08	2.587664e+01	1.508207e+03
6.240000e-06	3.151196e-09	1.293530e-08	2.552917e+01	1.500524e+03
6.250000e-06	3.108197e-09	1.287295e-08	2.518082e+01	1.492729e+03
6.260000e-06	3.065112e-09	1.280112e-08	2.483177e+01	1.484823e+03
6.270000e-06	3.021919e-09	1.272344e-08	2.448185e+01	1.476803e+03
6.280000e-06	2.978617e-09	1.264565e-08	2.413105e+01	1.468669e+03
6.290000e-06	2.935223e-09	1.257363e-08	2.377950e+01	1.460421e+03
6.300000e-06	2.891730e-09	1.250743e-08	2.342714e+01	1.452059e+03
6.310000e-06	2.848152e-09	1.244553e-08	2.307410e+01	1.443582e+03
6.320000e-06	2.804496e-09	1.238092e-08	2.272043e+01	1.434991e+03
6.330000e-06	2.760715e-09	1.230907e-08	2.236574e+01	1.426288e+03
6.340000e-06	2.716838e-09	1.223272e-08	2.201027e+01	1.417471e+03
6.350000e-06	2.672884e-09	1.214777e-08	2.165418e+01	1.408543e+03
6.360000e-06	2.628824e-09	1.206432e-08	2.129724e+01	1.399504e+03
6.370000e-06	2.584671e-09	1.199027e-08	2.093953e+01	1.390354e+03
6.380000e-06	2.540421e-09	1.192376e-08	2.058105e+01	1.381094e+03
6.390000e-06	2.496063e-09	1.185665e-08	2.022169e+01	1.371725e+03
6.400000e-06	2.451609e-09	1.177980e-08	1.986155e+01	1.362246e+03
6.410000e-06	2.407070e-09	1.169565e-08	1.950072e+01	1.352657e+03
6.420000e-06	2.362433e-09	1.160478e-08	1.913911e+01	1.342957e+03
6.430000e-06	2.317673e-09	1.151265e-08	1.877649e+01	1.333146e+03
6.440000e-06	2.272808e-09	1.142324e-08	1.841302e+01	1.323222e+03
6.450000e-06	2.227848e-09	1.134207e-08	1.804879e+01	1.313183e+03
6.460000e-06	2.182750e-09	1.126756e-08	1.768343e+01	1.303027e+03
6.470000e-06	2.137537e-09	1.118846e-08	1.731715e+01	1.292750e+03
6.480000e-06	2.092243e-09	1.110248e-08	1.695020e+01	1.282349e+03
6.490000e-06	2.046830e-09	1.100682e-08	1.658230e+01	1.271820e+03
6.500000e-06	2.001284e-09	1.090730e-08	1.621331e+01	1.261160e+03
6.510000e-06	1.955673e-09	1.081049e-08	1.584380e+01	1.250364e+03
6.520000e-06	1.910007e-09	1.071594e-08	1.547384e+01	1.239425e+03
6.530000e-06	1.864248e-09	1.062394e-08	1.510313e+01	1.228341e+03
6.540000e-06	1.818384e-09	1.053347e-08	1.473158e+01	1.217104e+03
6.550000e-06	1.772442e-09	1.044461e-08	1.435938e+01	1.205710e+03
6.560000e-06	1.726462e-09	1.035054e-08	1.398689e+01	1.194153e+03
6.570000e-06	1.680418e-09	1.024990e-08	1.361386e+01	1.182428e+03
6.580000e-06	1.634309e-09	1.014334e-08	1.324032e+01	1.170530e+03
6.590000e-06	1.588163e-09	1.003542e-08	1.286647e+01	1.158453e+03
6.600000e-06	1.541941e-09	9.929034e-09	1.249201e+01	1.146193e+03
6.610000e-06	1.495667e-09	9.822628e-09	1.211713e+01	1.133746e+03
6.620000e-06	1.449364e-09	9.718249e-09	1.174200e+01	1.121108e+03
6.630000e-06	1.403052e-09	9.614747e-09	1.136682e+01	1.108276e+03
6.640000e-06	1.356675e-09	9.512079e-09	1.099110e+01	1.095247e+03
6.650000e-06	1.310193e-09	9.405386e-09	1.061454e+01	1.082018e+03
6.660000e-06	1.263670e-09	9.293229e-09	1.023763e+01	1.068589e+03
6.670000e-06	1.217099e-09	9.175468e-09	9.860337e+00	1.054958e+03
6.680000e-06	1.170470e-09	9.055828e-09	9.482575e+00	1.041124e+03
6.690000e-06	1.123787e-09	8.938399e-09	9.104380e+00	1.027088e+03
6.700000e-06	1.077063e-09	8.819558e-09	8.725853e+00	1.012850e+03
6.710000e-06	1.030283e-09	8.696697e-09	8.346872e+00	9.984111e+02
6.720000e-06	9.834753e-10	8.568901e-09	7.967664e+00	9.837720e+02
6.730000e-06	9.366368e-10	8.441468e-09	7.588207e+00	9.689340e+02
6.740000e-06	8.897656e-10	8.315219e-09	7.208485e+00	9.538983e+02
6.750000e-06	8.428591e-10	8.187903e-09	6.828476e+00	9.386663e+02
6.760000e-06	7.958809e-10	8.058823e-09	6.447889e+00	9.232387e+02
6.770000e-06	7.488340e-10	7.927378e-09	6.066745e+00	9.076163e+02
6.780000e-06	7.017538e-10	7.794120e-09	5.685332e+00	8.917990e+02
6.790000e-06	6.546386e-10	7.656225e-09	5.303635e+00	8.757863e+02
6.800000e-06	6.074693e-10	7.515085e-09	4.921500e+00	8.595769e+02
6.810000e-06	5.602817e-10	7.372100e-09	4.539218e+00	8.431684e+02
6.820000e-06	5.130821e-10	7.228852e-09	4.156838e+00	8.265578e+02
6.830000e-06	4.658349e-10	7.086120e-09	3.774072e+00	8.097404e+02
6.840000e-06	4.185728e-10	6.941318e-09	3.391187e+00	7.927108e+02
6.850000e-06	3.712944e-10	6.794198e-09	3.008169e+00	7.754621e+02
6.860000e-06	3.240043e-10	6.642806e-09	2.625055e+00	7.579863e+02
6.870000e-06	2.767124e-10	6.487863e-09	2.241926e+00	7.402737e+02
6.880000e-06	2.293932e-10	6.330796e-09	1.858577e+00	7.223139e+02
6.890000e-06	1.820680e-10	6.171313e-09	1.475181e+00	7.040947e+02
6.900000e-06	1.347383e-10	6.009837e-09	1.091746e+00	6.856032e+02
6.910000e-06	8.742678e-11	5.846198e-09	7.084594e-01	6.668250e+02
6.920000e-06	4.009345e-11	5.680232e-09	3.249962e-01	6.477453e+02
6.930000e-06	-7.273204e-12	5.513332e-09	-5.873765e-02	6.283480e+02
6.940000e-06	-5.456743e-11	5.346425e-09	-4.418839e-01	6.086169e+02
6.950000e-06	-1.017899e-10	5.176313e-09	-8.244498e-01	5.885351e+02
6.960000e-06	-1.489973e-10	5.000960e-09	-1.206895e+00	5.680858e+02
6.970000e-06	-1.961981e-10	4.821023e-09	-1.589284e+00	5.472522e+02
6.980000e-06	-2.433871e-10	4.638718e-09	-1.971578e+00	5.260178e+02
6.990000e-06	-2.905374e-10	4.455484e-09	-2.353559e+00	5.043671e+02
7.000000e-06	-3.376559e-10	4.269001e-09	-2.735282e+00	4.822852e+02
7.010000e-06	-3.847349e-10	4.078295e-09	-3.116687e+00	4.597587e+02
7.020000e-06	-4.318152e-10	3.884736e-09	-3.498103e+00	4.367755e+02
7.030000e-06	-4.788900e-10	3.689343e-09	-3.879472e+00	4.133253e+02
7.040000e-06	-5.258856e-10	3.489274e-09	-4.260201e+00	3.894002e+02
7.050000e-06	-5.728456e-10	3.282167e-09	-4.640641e+00	3.649941e+02
7.060000e-06	-6.198164e-10	3.070226e-09	-5.021169e+00	3.401037e+02
7.070000e-06	-6.667675e-10	2.856518e-09	-5.401537e+00	3.147285e+02
7.080000e-06	-7.136730e-10	2.640992e-09	-5.781536e+00	2.888705e+02
7.090000e-06	-7.605672e-10	2.418849e-09	-6.161443e+00	2.625352e+02
7.100000e-06	-8.074485e-10	2.190564e-09	-6.541245e+00	2.357309e+02
7.110000e-06	-8.542916e-10	1.961377e-09	-6.920740e+00	2.084692e+02
7.120000e-06	-9.011158e-10	1.730512e-09	-7.300080e+00	1.807647e+02
7.130000e-06	-9.479259e-10	1.493915e-09	-7.679307e+00	1.526355e+02
7.140000e-06	-9.947073e-10	1.250780e-09	-8.058301e+00	1.241026e+02
7.150000e-06	-1.041456e-09	1.003353e-09	-8.437033e+00	9.519006e+01
7.160000e-06	-1.088158e-09	7.537841e-10	-8.815379e+00	6.592486e+01
7.170000e-06	-1.134818e-09	5.000517e-10	-9.193391e+00	3.633665e+01
7.180000e-06	-1.181434e-09	2.412052e-10	-9.571045e+00	6.457593e+00
7.190000e-06	-1.227984e-09	-2.035707e-11	-9.948173e+00	-2.367793e+01
7.200000e-06	-1.274495e-09	-2.827601e-10	-1.032498e+01	-5.403356e+01
7.210000e-06	-1.320974e-09	-5.446446e-10	-1.070152e+01	-8.457127e+01
7.220000e-06	-1.367406e-09	-8.069985e-10	-1.107768e+01	-1.152517e+02
7.230000e-06	-1.413749e-09	-1.072669e-09	-1.145312e+01	-1.460344e+02
7.240000e-06	-1.459996e-09	-1.341828e-09	-1.182779e+01	-1.768784e+02
7.250000e-06	-1.506178e-09	-1.610116e-09	-1.220193e+01	-2.077424e+02
7.260000e-06	-1.552275e-09	-1.875120e-09	-1.257538e+01	-2.385849e+02
7.270000e-06	-1.598267e-09	-2.138561e-09	-1.294797e+01	-2.693652e+02
7.280000e-06	-1.644198e-09	-2.401079e-09	-1.332008e+01	-3.000431e+02
7.290000e-06	-1.690050e-09	-2.662951e-09	-1.369154e+01	-3.305794e+02
7.300000e-06	-1.735790e-09	-2.922447e-09	-1.406210e+01	-3.609365e+02
7.310000e-06	-1.781451e-09	-3.176038e-09	-1.443202e+01	-3.910783e+02
7.320000e-06	-1.827048e-09	-3.427433e-09	-1.480141e+01	-4.209708e+02
7.330000e-06	-1.872557e-09	-3.682197e-09	-1.517010e+01	-4.505819e+02
7.340000e-06	-1.917962e-09	-3.939076e-09	-1.553794e+01	-4.798821e+02
7.350000e-06	-1.963281e-09	-4.190677e-09	-1.590508e+01	-5.088442e+02
7.360000e-06	-2.008507e-09	-4.434806e-09	-1.627148e+01	-5.374438e+02
7.370000e-06	-2.053647e-09	-4.676795e-09	-1.663717e+01	-5.656592e+02
7.380000e-06	-2.098691e-09	-4.916514e-09	-1.700209e+01	-5.934714e+02
7.390000e-06	-2.143630e-09	-5.151335e-09	-1.736616e+01	-6.208642e+02
7.400000e-06	-2.188518e-09	-5.381548e-09	-1.772981e+01	-6.478244e+02
7.410000e-06	-2.233339e-09	-5.609622e-09	-1.809292e+01	-6.743411e+02
7.420000e-06	-2.278049e-09	-5.837581e-09	-1.845513e+01	-7.004065e+02
7.430000e-06	-2.322691e-09	-6.063949e-09	-1.881679e+01	-7.260149e+02
7.440000e-06	-2.367274e-09	-6.284334e-09	-1.917798e+01	-7.511631e+02
7.450000e-06	-2.411768e-09	-6.496453e-09	-1.953844e+01	-7.758503e+02
7.460000e-06	-2.456180e-09	-6.703530e-09	-1.989824e+01	-8.000775e+02
7.470000e-06	-2.500535e-09	-6.909065e-09	-2.025758e+01	-8.238475e+02
7.480000e-06	-2.544818e-09	-7.113719e-09	-2.061634e+01	-8.471648e+02
7.490000e-06	-2.589013e-09	-7.314691e-09	-2.097438e+01	-8.700353e+02
7.500000e-06	-2.633110e-09	-7.510884e-09	-2.133163e+01	-8.924659e+02
7.510000e-06	-2.677103e-09	-7.703680e-09	-2.168803e+01	-9.144646e+02
7.520000e-06	-2.720998e-09	-7.892085e-09	-2.204364e+01	-9.360401e+02
7.530000e-06	-2.764814e-09	-8.074588e-09	-2.239862e+01	-9.572016e+02
7.540000e-06	-2.808545e-09	-8.251856e-09	-2.275290e+01	-9.779585e+02
7.550000e-06	-2.852173e-09	-8.425893e-09	-2.310635e+01	-9.983205e+02
7.560000e-06	-2.895697e-09	-8.596646e-09	-2.345895e+01	-1.018297e+03
7.570000e-06	-2.939107e-09	-8.767119e-09	-2.381064e+01	-1.037898e+03
7.580000e-06	-2.982413e-09	-8.936121e-09	-2.416147e+01	-1.057132e+03
7.590000e-06	-3.025609e-09	-9.102499e-09	-2.451143e+01	-1.076008e+03
7.600000e-06	-3.068664e-09	-9.265324e-09	-2.486023e+01	-1.094534e+03
7.610000e-06	-3.111549e-09	-9.421466e-09	-2.520765e+01	-1.112718e+03
7.620000e-06	-3.154300e-09	-9.574861e-09	-2.555400e+01	-1.130567e+03
7.630000e-06	-3.196909e-09	-9.727508e-09	-2.589919e+01	-1.148088e+03
7.640000e-06	-3.239358e-09	-9.879947e-09	-2.624308e+01	-1.165287e+03
7.650000e-06	-3.281684e-09	-1.002813e-08	-2.658598e+01	-1.182168e+03
7.660000e-06	-3.323840e-09	-1.017109e-08	-2.692751e+01	-1.198737e+03
7.670000e-06	-3.365816e-09	-1.031105e-08	-2.726757e+01	-1.214998e+03
7.680000e-06	-3.407621e-09	-1.044902e-08	-2.760625e+01	-1.230955e+03
7.690000e-06	-3.449250e-09	-1.058574e-08	-2.794350e+01	-1.246611e+03
7.700000e-06	-3.490726e-09	-1.071576e-08	-2.827951e+01	-1.261971e+03
7.710000e-06	-3.532051e-09	-1.084218e-08	-2.861430e+01	-1.277036e+03
7.720000e-06	-3.573207e-09	-1.096934e-08	-2.894772e+01	-1.291810e+03
7.730000e-06	-3.614191e-09	-1.109500e-08	-2.927975e+01	-1.306297e+03
7.740000e-06	-3.655059e-09	-1.121587e-08	-2.961083e+01	-1.320499e+03
7.750000e-06	-3.695788e-09	-1.133217e-08	-2.994079e+01	-1.334419e+03
7.760000e-06	-3.736358e-09	-1.144895e-08	-3.026946e+01	-1.348060e+03
7.770000e-06	-3.776824e-09	-1.156544e-08	-3.059729e+01	-1.361427e+03
7.780000e-06	-3.817159e-09	-1.167817e-08	-3.092406e+01	-1.374523e+03
7.790000e-06	-3.857360e-09	-1.178632e-08	-3.124974e+01	-1.387352e+03
7.800000e-06	-3.897468e-09	-1.189217e-08	-3.157468e+01	-1.399920e+03
7.810000e-06	-3.937479e-09	-1.199840e-08	-3.189882e+01	-1.412230e+03
7.820000e-06	-3.977359e-09	-1.210436e-08	-3.222191e+01	-1.424289e+03
7.830000e-06	-4.017086e-09	-1.220867e-08	-3.254376e+01	-1.436101e+03
7.840000e-06	-4.056658e-09	-1.231023e-08	-3.286435e+01	-1.447673e+03
7.850000e-06	-4.096057e-09	-1.240907e-08	-3.318354e+01	-1.459011e+03
7.860000e-06	-4.135241e-09	-1.250726e-08	-3.350098e+01	-1.470121e+03
7.870000e-06	-4.174183e-09	-1.260430e-08	-3.381646e+01	-1.481010e+03
7.880000e-06	-4.212844e-09	-1.269863e-08	-3.412966e+01	-1.491685e+03
7.890000e-06	-4.251205e-09	-1.278787e-08	-3.444044e+01	-1.502152e+03
7.900000e-06	-4.289284e-09	-1.287325e-08	-3.474893e+01	-1.512417e+03
7.910000e-06	-4.327057e-09	-1.296124e-08	-3.505494e+01	-1.522488e+03
7.920000e-06	-4.364536e-09	-1.305177e-08	-3.535857e+01	-1.532371e+03
7.930000e-06	-4.401701e-09	-1.314234e-08	-3.565965e+01	-1.542071e+03
7.940000e-06	-4.438564e-09	-1.322878e-08	-3.595829e+01	-1.551596e+03
7.950000e-06	-4.475203e-09	-1.331158e-08	-3.625511e+01	-1.560949e+03
7.960000e-06	-4.511637e-09	-1.339337e-08	-3.655028e+01	-1.570138e+03
7.970000e-06	-4.547887e-09	-1.347046e-08	-3.684396e+01	-1.579165e+03
7.980000e-06	-4.583971e-09	-1.354502e-08	-3.713629e+01	-1.588036e+03
7.990000e-06	-4.619903e-09	-1.362024e-08	-3.742739e+01	-1.596755e+03
8.000000e-06	-4.655695e-09	-1.369823e-08	-3.771736e+01	-1.605324e+03
8.010000e-06	-4.691339e-09	-1.377723e-08	-3.800612e+01	-1.613747e+03
8.020000e-06	-4.726801e-09	-1.385260e-08	-3.829342e+01	-1.622025e+03
8.030000e-06	-4.762047e-09	-1.392495e-08	-3.857896e+01	-1.630162e+03
8.040000e-06	-4.797090e-09	-1.399416e-08	-3.886286e+01	-1.638159e+03
8.050000e-06	-4.831925e-09	-1.406180e-08	-3.914506e+01	-1.646016e+03
8.060000e-06	-4.866530e-09	-1.412775e-08	-3.942541e+01	-1.653736e+03
8.070000e-06	-4.900916e-09	-1.419235e-08	-3.970399e+01	-1.661318e+03
8.080000e-06	-4.935082e-09	-1.425646e-08	-3.998078e+01	-1.668763e+03
8.090000e-06	-4.969028e-09	-1.432080e-08	-4.025579e+01	-1.676071e+03
8.100000e-06	-5.002753e-09	-1.438494e-08	-4.052901e+01	-1.683244e+03
8.110000e-06	-5.036239e-09	-1.444634e-08	-4.080029e+01	-1.690280e+03
8.120000e-06	-5.069481e-09	-1.450581e-08	-4.106960e+01	-1.697181e+03
8.130000e-06	-5.102495e-09	-1.456357e-08	-4.133705e+01	-1.703947e+03
8.140000e-06	-5.135303e-09	-1.462178e-08	-4.160285e+01	-1.710578e+03
8.150000e-06	-5.167904e-09	-1.467901e-08	-4.186697e+01	-1.717076e+03
8.160000e-06	-5.200294e-09	-1.473581e-08	-4.212937e+01	-1.723441e+03
8.170000e-06	-5.232506e-09	-1.479343e-08	-4.239033e+01	-1.729675e+03
8.180000e-06	-5.264561e-09	-1.484713e-08	-4.265002e+01	-1.735780e+03
8.190000e-06	-5.296424e-09	-1.489454e-08	-4.290815e+01	-1.741757e+03
8.200000e-06	-5.328083e-09	-1.493774e-08	-4.316463e+01	-1.747609e+03
8.210000e-06	-5.359534e-09	-1.498255e-08	-4.341944e+01	-1.753338e+03
8.220000e-06	-5.390710e-09	-1.502922e-08	-4.367200e+01	-1.758948e+03
8.230000e-06	-5.421539e-09	-1.507566e-08	-4.392176e+01	-1.764441e+03
8.240000e-06	-5.451971e-09	-1.512173e-08	-4.416830e+01	-1.769822e+03
8.250000e-06	-5.482007e-09	-1.516735e-08	-4.441163e+01	-1.775094e+03
8.260000e-06	-5.511661e-09	-1.521262e-08	-4.465187e+01	-1.780260e+03
8.270000e-06	-5.540920e-09	-1.525613e-08	-4.488890e+01	-1.785326e+03
8.280000e-06	-5.569831e-09	-1.529782e-08	-4.512312e+01	-1.790294e+03
8.290000e-06	-5.598459e-09	-1.533746e-08	-4.535505e+01	-1.795170e+03
8.300000e-06	-5.626826e-09	-1.537603e-08	-4.558486e+01	-1.799957e+03
8.310000e-06	-5.654994e-09	-1.541365e-08	-4.581306e+01	-1.804660e+03
8.320000e-06	-5.683001e-09	-1.545085e-08	-4.603996e+01	-1.809282e+03
8.330000e-06	-5.710847e-09	-1.548958e-08	-4.626555e+01	-1.813827e+03
8.340000e-06	-5.738509e-09	-1.552972e-08	-4.648965e+01	-1.818299e+03
8.350000e-06	-5.765947e-09	-1.556795e-08	-4.671194e+01	-1.822701e+03
8.360000e-06	-5.793133e-09	-1.560189e-08	-4.693218e+01	-1.827037e+03
8.370000e-06	-5.820052e-09	-1.563407e-08	-4.715026e+01	-1.831308e+03
8.380000e-06	-5.846688e-09	-1.566665e-08	-4.736605e+01	-1.835517e+03
8.390000e-06	-5.873041e-09	-1.569949e-08	-4.757954e+01	-1.839666e+03
8.400000e-06	-5.899146e-09	-1.573189e-08	-4.779103e+01	-1.843757e+03
8.410000e-06	-5.925002e-09	-1.576534e-08	-4.800051e+01	-1.847791e+03
8.420000e-06	-5.950593e-09	-1.580035e-08	-4.820783e+01	-1.851769e+03
8.430000e-06	-5.975894e-09	-1.583616e-08	-4.841280e+01	-1.855691e+03
8.440000e-06	-6.000896e-09	-1.586997e-08	-4.861536e+01	-1.859558e+03
8.450000e-06	-6.025629e-09	-1.590053e-08	-4.881572e+01	-1.863370e+03
8.460000e-06	-6.050128e-09	-1.593223e-08	-4.901420e+01	-1.867126e+03
8.470000e-06	-6.074436e-09	-1.596260e-08	-4.921113e+01	-1.870826e+03
8.480000e-06	-6.098568e-09	-1.599207e-08	-4.940664e+01	-1.874469e+03
8.490000e-06	-6.122531e-09	-1.602176e-08	-4.960077e+01	-1.878054e+03
8.500000e-06	-6.146320e-09	-1.605327e-08	-4.979350e+01	-1.881582e+03
8.510000e-06	-6.169873e-09	-1.608699e-08	-4.998431e+01	-1.885050e+03
8.520000e-06	-6.193134e-09	-1.611457e-08	-5.017276e+01	-1.888457e+03
8.530000e-06	-6.216048e-09	-1.613686e-08	-5.035839e+01	-1.891804e+03
8.540000e-06	-6.238533e-09	-1.615653e-08	-5.054055e+01	-1.895089e+03
8.550000e-06	-6.260553e-09	-1.618166e-08	-5.071894e+01	-1.898312e+03
8.560000e-06	-6.282139e-09	-1.621460e-08	-5.089382e+01	-1.901471e+03
8.570000e-06	-6.303303e-09	-1.624916e-08	-5.106527e+01	-1.904568e+03
8.580000e-06	-6.324066e-09	-1.628680e-08	-5.123348e+01	-1.907601e+03
8.590000e-06	-6.344520e-09	-1.632392e-08	-5.139918e+01	-1.910571e+03
8.600000e-06	-6.364732e-09	-1.635588e-08	-5.156294e+01	-1.913478e+03
8.610000e-06	-6.384774e-09	-1.637824e-08	-5.172530e+01	-1.916322e+03
8.620000e-06	-6.404647e-09	-1.639290e-08	-5.188630e+01	-1.919105e+03
8.630000e-06	-6.424291e-09	-1.640983e-08	-5.204544e+01	-1.921826e+03
8.640000e-06	-6.443656e-09	-1.643381e-08	-5.220233e+01	-1.924488e+03
8.650000e-06	-6.462728e-09	-1.646272e-08	-5.235684e+01	-1.927090e+03
8.660000e-06	-6.481520e-09	-1.649096e-08	-5.250908e+01	-1.929635e+03
8.670000e-06	-6.500014e-09	-1.651691e-08	-5.265891e+01	-1.932124e+03
8.680000e-06	-6.518235e-09	-1.654111e-08	-5.280652e+01	-1.934558e+03
8.690000e-06	-6.536205e-09	-1.656263e-08	-5.295211e+01	-1.936938e+03
8.700000e-06	-6.553908e-09	-1.657993e-08	-5.309552e+01	-1.939266e+03
8.710000e-06	-6.571319e-09	-1.659729e-08	-5.323658e+01	-1.941544e+03
8.720000e-06	-6.588400e-09	-1.661877e-08	-5.337496e+01	-1.943772e+03
8.730000e-06	-6.605188e-09	-1.664344e-08	-5.351097e+01	-1.945952e+03
8.740000e-06	-6.621732e-09	-1.666909e-08	-5.364500e+01	-1.948085e+03
8.750000e-06	-6.638043e-09	-1.669422e-08	-5.377714e+01	-1.950172e+03
8.760000e-06	-6.654142e-09	-1.671914e-08	-5.390757e+01	-1.952214e+03
8.770000e-06	-6.670044e-09	-1.673984e-08	-5.403640e+01	-1.954211e+03
8.780000e-06	-6.685725e-09	-1.675683e-08	-5.416343e+01	-1.956165e+03
8.790000e-06	-6.701102e-09	-1.677187e-08	-5.428801e+01	-1.958074e+03
8.800000e-06	-6.716020e-09	-1.678773e-08	-5.440887e+01	-1.959940e+03
8.810000e-06	-6.730405e-09	-1.680515e-08	-5.452540e+01	-1.961762e+03
8.820000e-06	-6.744273e-09	-1.681961e-08	-5.463776e+01	-1.963540e+03
8.830000e-06	-6.757638e-09	-1.683318e-08	-5.474603e+01	-1.965275e+03
8.840000e-06	-6.770554e-09	-1.684834e-08	-5.485067e+01	-1.966965e+03
8.850000e-06	-6.783121e-09	-1.686516e-08	-5.495248e+01	-1.968610e+03
8.860000e-06	-6.795409e-09	-1.688110e-08	-5.505203e+01	-1.970210e+03
8.870000e-06	-6.807438e-09	-1.689660e-08	-5.514948e+01	-1.971765e+03
8.880000e-06	-6.819184e-09	-1.691158e-08	-5.524464e+01	-1.973273e+03
8.890000e-06	-6.830609e-09	-1.692597e-08	-5.533720e+01	-1.974735e+03
8.900000e-06	-6.841693e-09	-1.693943e-08	-5.542700e+01	-1.976149e+03
8.910000e-06	-6.852410e-09	-1.694866e-08	-5.551383e+01	-1.977516e+03
8.920000e-06	-6.862822e-09	-1.695805e-08	-5.559818e+01	-1.978836e+03
8.930000e-06	-6.872970e-09	-1.696897e-08	-5.568039e+01	-1.980108e+03
8.940000e-06	-6.882821e-09	-1.697944e-08	-5.576019e+01	-1.981333e+03
8.950000e-06	-6.892373e-09	-1.698893e-08	-5.583758e+01	-1.982510e+03
8.960000e-06	-6.901620e-09	-1.699742e-08	-5.591249e+01	-1.983641e+03
8.970000e-06	-6.910518e-09	-1.700556e-08	-5.598458e+01	-1.984725e+03
8.980000e-06	-6.919091e-09	-1.701097e-08	-5.605404e+01	-1.985763e+03
8.990000e-06	-6.927412e-09	-1.701430e-08	-5.612144e+01	-1.986757e+03
9.000000e-06	-6.935548e-09	-1.701818e-08	-5.618736e+01	-1.987707e+03
9.010000e-06	-6.943528e-09	-1.702501e-08	-5.625201e+01	-1.988614e+03
9.020000e-06	-6.951292e-09	-1.703361e-08	-5.631491e+01	-1.989480e+03
9.030000e-06	-6.958724e-09	-1.704103e-08	-5.637512e+01	-1.990305e+03
9.040000e-06	-6.965765e-09	-1.704709e-08	-5.643216e+01	-1.991092e+03
9.050000e-06	-6.972374e-09	-1.705375e-08	-5.648570e+01	-1.991842e+03
9.060000e-06	-6.978478e-09	-1.706208e-08	-5.653515e+01	-1.992555e+03
9.070000e-06	-6.984049e-09	-1.706805e-08	-5.658028e+01	-1.993234e+03
9.080000e-06	-6.989130e-09	-1.707141e-08	-5.662145e+01	-1.993878e+03
9.090000e-06	-6.993837e-09	-1.707412e-08	-5.665958e+01	-1.994491e+03
9.100000e-06	-6.998276e-09	-1.707712e-08	-5.669555e+01	-1.995072e+03
9.110000e-06	-7.002494e-09	-1.707981e-08	-5.672972e+01	-1.995622e+03
9.120000e-06	-7.006519e-09	-1.708218e-08	-5.676233e+01	-1.996143e+03
9.130000e-06	-7.010349e-09	-1.708658e-08	-5.679336e+01	-1.996634e+03
9.140000e-06	-7.013941e-09	-1.709259e-08	-5.682245e+01	-1.997096e+03
9.150000e-06	-7.017252e-09	-1.709685e-08	-5.684928e+01	-1.997528e+03
9.160000e-06	-7.020235e-09	-1.709787e-08	-5.687344e+01	-1.997932e+03
9.170000e-06	-7.022890e-09	-1.710046e-08	-5.689496e+01	-1.998306e+03
9.180000e-06	-7.025279e-09	-1.710684e-08	-5.691432e+01	-1.998650e+03
9.190000e-06	-7.027428e-09	-1.711325e-08	-5.693172e+01	-1.998963e+03
9.200000e-06	-7.029328e-09	-1.711630e-08	-5.694712e+01	-1.999244e+03
9.210000e-06	-7.030852e-09	-1.711736e-08	-5.695947e+01	-1.999493e+03
9.220000e-06	-7.031930e-09	-1.711963e-08	-5.696820e+01	-1.999709e+03
9.230000e-06	-7.032712e-09	-1.712118e-08	-5.697454e+01	-1.999889e+03
9.240000e-06	-7.033263e-09	-1.712003e-08	-5.697900e+01	-2.000033e+03
